Data Start: 2024-06-14 10:11:55
Data End: 2024-06-14 10:19:48
Devicename: Multi Water Sampler MWS
IdentNo.: 622

Bottle []
Range1: 0 to 12

Pressure [dbar]
Range1: 0.0 to 3000.0  Cal0: -2.93953E+3  Cal1: 1.37878E-1  Cal2: -1.133042E-6  Cal3: -5.948781E-1  Cal4: 5.712566E-5  Cal5: -5.11527E-10  Cal6: 8.693823E-1  Cal7: 6.172426E-2  Cal8: -4.380532E-9

Temperature [°C] ( averaging = 3 )
Range1: -2.00 to 32.00  Cal0: -2.13158E+0  Cal1: 5.84337E-4  Cal2: 0E+0

Conductivity [mS/cm]
Range1: 0.000 to 65.000  Cal0: -3.33499E-2  Cal1: 1.11275E-3  Cal2: 5.10719E-11

Salinity [PSU] ( averaging = 3 )
Range1: 0.000 to 94.000

Sound Vel. [m/s]
Range1: 1400.00 to 1600.00

Density [kg/m³]
Range1: 900.00 to 1100.00

Spec. Cond. [mS/cm]
Range1: 0.000 to 65.000

Chlorophyll a [µg/l] ( averaging = 3 )
Range1: 0.0000 to 5.0000  Cal0: 0E+0  Cal1: 8.00128E-5
Range2: 0.0000 to 15.0000  Cal2: 0E+0  Cal3: 2.400384E-4
Range3: 0.0000 to 50.0000  Cal4: 0E+0  Cal5: 8.00128E-4
Range4: 0.0000 to 150.0000  Cal6: 0E+0  Cal7: 2.400384E-3

Bottom Alarm []
Range1: 0 to 1

Oxygen [% a.s.] ( averaging = 3 )
Range1: 0.00 to 240.00  Cal0: 2.1698E-2  Cal1: 9.99659E-3  Cal2: -9.99996E+0  Cal3: 9.99922E-4  Cal4: -1.6275E-1  Cal5: 9.90109E-1  Cal6: 2.354367E+1  Cal7: 1E+0  Cal8: 9.094667E-1  Cal9: 5E-5  Cal10: 1.0134E+3

Oxygen [mg/l]
Range1: 0.000 to 35.000

Oxygen [ml/l]
Range1: 0.000 to 24.000

Header Comment

Ship:		
Cruise:		
Station:		
Cast:		
Position:		
Operator:		


Time [hh:mm:ss]	Bottle []	Pressure [dbar]	Temperature [°C]	Conductivity [mS/cm]	Salinity [PSU]	Sound Vel. [m/s]	Density [kg/m³]	Spec. Cond. [mS/cm]	Chlorophyll a [µg/l]	Bottom Alarm []	Oxygen [% a.s.]	Oxygen [mg/l]	Oxygen [ml/l]	Comments  [Index]
10:11:55	0	0.2	16.32	-0.012	0.000	1470.50	998.89	-0.015	0.0554	1	92.04	9.036	6.324	
10:11:56	0	0.2	16.32	-0.012	0.000	1470.49	998.89	-0.015	0.0554	1	91.99	9.033	6.322	
10:11:57	0	0.2	16.32	-0.011	0.000	1470.48	998.89	-0.013	0.0552	1	92.02	9.037	6.324	
10:11:58	0	0.2	16.31	-0.011	0.000	1470.46	998.89	-0.013	0.0560	1	92.04	9.039	6.326	
10:11:59	0	0.2	16.31	-0.011	0.000	1470.45	998.89	-0.013	0.0570	1	92.05	9.039	6.326	
10:12:00	0	0.2	16.31	-0.011	0.000	1470.46	998.89	-0.013	0.0582	1	92.02	9.037	6.324	
10:12:01	0	0.2	16.31	-0.011	0.000	1470.47	998.89	-0.013	0.0588	1	91.99	9.033	6.322	
10:12:02	0	0.2	16.32	-0.012	0.000	1470.49	998.89	-0.015	0.0574	1	92.03	9.035	6.323	
10:12:03	0	0.2	16.32	-0.011	0.000	1470.49	998.89	-0.013	0.0570	1	92.00	9.034	6.322	
10:12:04	0	0.2	16.31	-0.011	0.000	1470.46	998.89	-0.013	0.0559	1	92.03	9.037	6.325	
10:12:05	0	0.2	16.29	-0.012	0.000	1470.40	998.90	-0.015	0.0559	1	92.00	9.036	6.324	
10:12:06	0	0.2	16.27	-0.011	0.000	1470.34	998.90	-0.013	0.0556	1	92.06	9.040	6.326	
10:12:07	0	0.3	16.26	-0.012	0.000	1470.30	998.90	-0.015	0.0561	1	92.07	9.044	6.329	
10:12:08	0	0.2	16.26	-0.012	0.000	1470.28	998.90	-0.015	0.0574	1	92.05	9.040	6.326	
10:12:09	0	0.2	16.25	-0.011	0.000	1470.27	998.90	-0.013	0.0587	1	91.97	9.035	6.323	
10:12:10	0	0.2	16.25	-0.011	0.000	1470.26	998.90	-0.013	0.0589	1	91.92	9.030	6.320	
10:12:11	0	0.2	16.26	-0.011	0.000	1470.28	998.90	-0.013	0.0587	1	91.94	9.031	6.321	
10:12:12	0	0.2	16.26	-0.011	0.000	1470.30	998.90	-0.013	0.0583	1	91.99	9.035	6.323	
10:12:13	0	0.2	16.27	-0.012	0.000	1470.34	998.90	-0.015	0.0581	1	92.01	9.038	6.325	
10:12:14	0	0.2	16.29	-0.011	0.000	1470.38	998.90	-0.013	0.0574	1	92.05	9.042	6.328	
10:12:15	0	0.2	16.30	-0.012	0.000	1470.41	998.90	-0.015	0.0568	1	92.05	9.042	6.328	
10:12:16	0	0.2	16.30	-0.011	0.000	1470.43	998.90	-0.013	0.0564	1	92.02	9.040	6.327	
10:12:17	0	0.2	16.30	-0.012	0.000	1470.43	998.90	-0.015	0.0578	1	92.01	9.038	6.325	
10:12:18	0	0.2	16.30	-0.011	0.000	1470.41	998.90	-0.013	0.0569	1	92.00	9.038	6.325	
10:12:19	0	0.2	16.28	-0.012	0.000	1470.36	998.90	-0.015	0.0568	1	92.03	9.041	6.327	
10:12:20	0	0.2	16.27	-0.011	0.000	1470.32	998.90	-0.013	0.0550	1	92.02	9.041	6.328	
10:12:21	0	0.2	16.26	-0.012	0.000	1470.29	998.90	-0.015	0.0558	1	91.99	9.037	6.324	
10:12:22	0	0.2	16.26	-0.012	0.000	1470.29	998.90	-0.015	0.0558	1	91.99	9.036	6.324	
10:12:23	0	0.2	16.26	-0.011	0.000	1470.30	998.90	-0.013	0.0568	1	91.98	9.036	6.323	
10:12:24	0	0.2	16.26	-0.011	0.000	1470.30	998.90	-0.013	0.0581	1	92.02	9.037	6.324	
10:12:25	0	0.2	16.25	-0.011	0.000	1470.27	998.90	-0.013	0.0585	1	92.06	9.045	6.330	
10:12:26	0	0.2	16.24	-0.011	0.000	1470.23	998.91	-0.013	0.0576	1	92.08	9.048	6.332	
10:12:27	0	0.2	16.23	-0.012	0.000	1470.20	998.91	-0.015	0.0561	1	92.09	9.050	6.333	
10:12:28	0	0.2	16.24	-0.012	0.000	1470.20	998.91	-0.015	0.0557	1	92.05	9.046	6.331	
10:12:29	0	0.2	16.25	-0.011	0.000	1470.24	998.90	-0.013	0.0568	1	92.05	9.046	6.331	
10:12:30	0	0.2	16.26	-0.012	0.000	1470.28	998.90	-0.015	0.0564	1	92.02	9.040	6.327	
10:12:31	0	0.2	16.27	-0.011	0.000	1470.33	998.90	-0.013	0.0561	1	92.01	9.039	6.326	
10:12:32	0	0.2	16.29	-0.011	0.000	1470.38	998.90	-0.013	0.0556	1	91.99	9.036	6.324	
10:12:33	0	0.2	16.30	-0.012	0.000	1470.43	998.90	-0.015	0.0560	1	92.01	9.038	6.325	
10:12:34	0	0.2	16.32	-0.012	0.000	1470.48	998.89	-0.015	0.0562	1	91.99	9.033	6.322	
10:12:35	0	0.2	16.33	-0.012	0.000	1470.52	998.89	-0.015	0.0569	1	91.98	9.032	6.321	
10:12:36	0	0.2	16.34	-0.012	0.000	1470.55	998.89	-0.015	0.0577	1	91.97	9.029	6.319	
10:12:37	0	0.2	16.34	-0.011	0.000	1470.57	998.89	-0.013	0.0592	1	91.99	9.032	6.321	
10:12:38	0	0.2	16.35	-0.012	0.000	1470.59	998.89	-0.015	0.0582	1	92.00	9.031	6.320	
10:12:39	0	0.2	16.35	-0.011	0.000	1470.59	998.89	-0.013	0.0565	1	92.00	9.033	6.321	
10:12:40	0	0.2	16.35	-0.011	0.000	1470.60	998.89	-0.013	0.0553	1	91.99	9.032	6.321	
10:12:41	0	0.2	16.35	-0.012	0.000	1470.60	998.89	-0.015	0.0556	1	91.98	9.029	6.319	
10:12:42	0	0.2	16.35	-0.011	0.000	1470.59	998.89	-0.013	0.0559	1	91.97	9.027	6.318	
10:12:43	0	0.2	16.34	-0.012	0.000	1470.56	998.89	-0.015	0.0553	1	91.99	9.032	6.321	
10:12:44	0	0.2	16.33	-0.012	0.000	1470.52	998.89	-0.015	0.0552	1	91.99	9.034	6.322	
10:12:45	0	0.2	16.32	-0.012	0.000	1470.48	998.89	-0.015	0.0575	1	91.96	9.031	6.321	
10:12:46	0	0.2	16.31	-0.011	0.000	1470.44	998.90	-0.013	0.0583	1	91.95	9.031	6.320	
10:12:47	0	0.2	16.29	-0.012	0.000	1470.39	998.90	-0.015	0.0588	1	91.93	9.031	6.321	
10:12:48	0	0.2	16.27	-0.012	0.000	1470.33	998.90	-0.015	0.0573	1	91.95	9.034	6.322	
10:12:49	0	0.2	16.26	-0.012	0.000	1470.28	998.90	-0.015	0.0567	1	91.95	9.034	6.323	
10:12:50	0	0.2	16.25	-0.011	0.000	1470.26	998.90	-0.013	0.0550	1	91.99	9.037	6.325	
10:12:51	0	0.2	16.25	-0.011	0.000	1470.27	998.90	-0.013	0.0550	1	91.94	9.031	6.320	
10:12:52	0	0.2	16.26	-0.012	0.000	1470.29	998.90	-0.015	0.0558	1	91.94	9.031	6.320	
10:12:53	0	0.2	16.26	-0.012	0.000	1470.30	998.90	-0.015	0.0572	1	91.95	9.030	6.320	
10:12:54	0	0.2	16.26	-0.011	0.000	1470.29	998.90	-0.013	0.0566	1	91.99	9.035	6.323	
10:12:55	0	0.2	16.26	-0.011	0.000	1470.28	998.90	-0.013	0.0573	1	92.02	9.040	6.327	
10:12:56	0	0.2	16.26	-0.012	0.000	1470.28	998.90	-0.015	0.0565	1	92.02	9.039	6.326	
10:12:57	0	0.2	16.26	-0.012	0.000	1470.28	998.90	-0.015	0.0575	1	92.05	9.045	6.330	
10:12:58	0	0.2	16.26	-0.011	0.000	1470.28	998.90	-0.013	0.0567	1	92.00	9.037	6.325	
10:12:59	0	0.2	16.26	-0.011	0.000	1470.29	998.90	-0.013	0.0586	1	91.98	9.037	6.324	
10:13:00	0	0.2	16.26	-0.011	0.000	1470.28	998.90	-0.013	0.0581	1	91.95	9.034	6.322	
10:13:01	0	0.2	16.25	-0.012	0.000	1470.24	998.91	-0.015	0.0581	0	91.96	9.037	6.324	
10:13:02	0	0.2	16.23	-0.012	0.000	1470.20	998.91	-0.015	0.0571	1	91.97	9.040	6.326	
10:13:03	0	0.2	16.21	-0.011	0.000	1470.13	998.91	-0.013	0.0556	1	91.99	9.042	6.328	
10:13:04	0	0.2	16.20	-0.012	0.000	1470.08	998.91	-0.015	0.0513	1	92.00	9.045	6.330	
10:13:05	0	0.2	16.18	-0.011	0.000	1470.00	998.92	-0.013	0.0525	1	92.00	9.046	6.331	
10:13:06	0	0.2	16.15	-0.011	0.000	1469.91	998.92	-0.013	0.0540	1	91.98	9.047	6.331	
10:13:07	0	0.2	16.11	-0.011	0.000	1469.78	998.93	-0.013	0.0583	1	91.98	9.052	6.335	
10:13:08	0	0.2	16.06	-0.011	0.000	1469.61	998.94	-0.014	0.0572	0	91.97	9.058	6.339	
10:13:09	0	0.2	15.99	-0.012	0.000	1469.39	998.95	-0.015	0.0573	0	91.99	9.068	6.346	
10:13:10	0	0.2	15.92	-0.011	0.000	1469.12	998.96	-0.014	0.0577	0	92.06	9.086	6.359	
10:13:11	0	0.2	15.84	-0.011	0.000	1468.87	998.97	-0.014	0.0582	0	92.13	9.102	6.370	
10:13:12	0	0.2	15.78	-0.011	0.000	1468.64	998.98	-0.014	0.0590	0	92.16	9.115	6.379	
10:13:13	0	0.2	15.73	-0.012	0.000	1468.47	998.99	-0.015	0.0589	0	92.17	9.120	6.383	
10:13:14	0	0.2	15.68	-0.011	0.000	1468.32	999.00	-0.014	0.0584	0	92.19	9.129	6.389	
10:13:15	0	0.2	15.64	-0.011	0.000	1468.19	999.00	-0.014	0.0584	0	92.21	9.137	6.394	
10:13:16	0	0.2	15.61	-0.012	0.000	1468.06	999.01	-0.015	0.0578	0	92.26	9.149	6.403	
10:13:17	0	0.2	15.59	-0.012	0.000	1467.99	999.01	-0.015	0.0592	0	92.28	9.152	6.405	
10:13:18	0	0.2	15.57	-0.012	0.000	1467.93	999.01	-0.015	0.0589	0	92.32	9.162	6.412	
10:13:19	0	0.2	15.28	10.929	2.592	1470.00	1001.06	13.567	0.1877	0	92.28	9.015	6.309	
10:13:20	0	0.4	14.81	10.992	5.231	1471.50	1003.16	13.805	0.3676	0	93.75	9.310	6.516	
10:13:21	0	0.9	14.36	10.948	7.890	1473.03	1005.28	13.909	0.5586	0	95.69	9.353	6.545	
10:13:22	0	1.4	14.19	10.869	7.947	1472.51	1005.35	13.868	0.6473	0	98.57	9.631	6.740	
10:13:23	0	1.3	14.19	10.949	7.978	1472.55	1005.37	13.971	0.6880	0	100.24	9.792	6.853	
10:13:24	0	1.3	14.19	10.933	7.986	1472.56	1005.38	13.951	0.7185	0	101.38	9.900	6.928	
10:13:25	0	1.3	14.19	10.942	8.005	1472.58	1005.39	13.962	0.7210	0	101.52	9.913	6.937	
10:13:26	0	1.4	14.18	10.943	8.004	1472.57	1005.39	13.964	0.7139	0	101.18	9.883	6.916	
10:13:27	0	1.4	14.18	10.939	8.006	1472.57	1005.40	13.959	0.6944	0	100.96	9.861	6.901	
10:13:28	0	1.3	14.18	10.936	8.004	1472.56	1005.39	13.955	0.6845	0	100.95	9.857	6.899	
10:13:29	0	1.4	14.18	10.942	8.004	1472.57	1005.39	13.963	0.6694	0	101.25	9.888	6.920	
10:13:30	0	1.3	14.18	10.932	8.002	1472.57	1005.39	13.950	0.6689	0	101.25	9.887	6.920	
10:13:31	0	1.5	14.18	10.931	8.001	1472.57	1005.39	13.948	0.6614	0	100.96	9.860	6.901	
10:13:32	0	1.7	14.18	10.929	7.997	1472.57	1005.39	13.946	0.6808	0	100.60	9.826	6.877	
10:13:33	0	2.0	14.18	10.927	7.996	1472.57	1005.39	13.943	0.7133	0	100.62	9.828	6.878	
10:13:34	0	2.5	14.18	10.921	7.993	1472.57	1005.39	13.937	0.7596	0	100.99	9.866	6.905	
10:13:35	0	3.0	14.18	10.923	7.992	1472.56	1005.39	13.941	0.7978	0	101.87	9.954	6.966	
10:13:36	0	3.5	14.17	10.922	7.992	1472.56	1005.40	13.941	0.8301	0	103.05	10.069	7.047	
10:13:37	0	4.0	14.17	10.921	7.992	1472.56	1005.40	13.940	0.8666	0	103.39	10.103	7.070	
10:13:38	0	4.5	14.17	10.921	7.992	1472.57	1005.40	13.940	0.8906	0	102.67	10.031	7.020	
10:13:39	0	5.1	14.17	10.921	7.992	1472.58	1005.40	13.939	0.9145	0	101.14	9.883	6.917	
10:13:40	0	5.6	14.17	10.922	7.992	1472.59	1005.41	13.941	0.9549	0	99.99	9.771	6.838	
10:13:41	0	6.1	14.17	10.927	7.993	1472.60	1005.41	13.947	1.0184	0	99.16	9.688	6.780	
10:13:42	0	6.7	14.17	10.981	8.009	1472.62	1005.42	14.018	1.0879	0	98.50	9.627	6.738	
10:13:43	0	7.2	14.20	11.133	8.063	1472.79	1005.46	14.201	1.1777	0	97.91	9.553	6.686	
10:13:44	0	7.7	14.29	11.774	8.278	1473.39	1005.62	14.982	1.2979	0	97.45	9.455	6.617	
10:13:45	0	8.3	14.49	12.376	8.622	1474.48	1005.85	15.669	1.3966	0	97.11	9.366	6.555	
10:13:46	0	8.9	14.70	12.639	8.981	1475.64	1006.09	15.916	1.4869	0	96.53	9.233	6.461	
10:13:47	0	9.4	14.85	12.719	9.187	1476.40	1006.23	15.958	1.5416	0	95.69	9.139	6.396	
10:13:48	0	9.9	14.90	12.749	9.254	1476.65	1006.27	15.976	1.5769	0	94.47	9.017	6.311	
10:13:49	0	10.4	14.90	12.838	9.290	1476.71	1006.30	16.086	1.5485	0	93.46	8.919	6.242	
10:13:50	0	11.0	14.92	12.893	9.330	1476.82	1006.33	16.149	1.4897	0	92.66	8.835	6.183	
10:13:51	0	11.5	14.95	12.939	9.376	1476.99	1006.37	16.194	1.4693	0	92.26	8.783	6.146	
10:13:52	0	12.0	15.00	13.051	9.424	1477.22	1006.40	16.314	1.4676	0	92.02	8.747	6.122	
10:13:53	0	12.5	15.04	13.066	9.460	1477.40	1006.42	16.318	1.4717	0	91.94	8.737	6.114	
10:13:54	0	13.1	15.05	13.067	9.486	1477.48	1006.44	16.314	1.4864	0	91.99	8.742	6.118	
10:13:55	0	13.6	15.05	13.074	9.488	1477.48	1006.45	16.324	1.5242	0	92.03	8.746	6.121	
10:13:56	0	14.1	15.04	13.101	9.497	1477.48	1006.46	16.360	1.5655	0	92.05	8.749	6.123	
10:13:57	0	14.7	15.02	13.318	9.565	1477.50	1006.51	16.639	1.6762	0	91.94	8.742	6.118	
10:13:58	0	15.2	14.99	13.839	9.771	1477.64	1006.68	17.304	1.7328	0	91.75	8.723	6.105	
10:13:59	0	15.8	14.97	14.080	10.034	1477.88	1006.89	17.614	1.7940	0	91.44	8.675	6.071	
10:14:00	0	16.3	14.98	14.267	10.288	1478.23	1007.08	17.843	1.8818	0	91.08	8.620	6.033	
10:14:01	0	16.8	15.02	14.448	10.446	1478.55	1007.20	18.051	2.0234	0	90.78	8.575	6.001	
10:14:02	0	17.4	15.04	14.781	10.625	1478.84	1007.33	18.458	2.1681	0	90.67	8.554	5.986	
10:14:03	0	17.9	15.03	14.887	10.784	1479.01	1007.46	18.593	2.1905	0	90.58	8.548	5.982	
10:14:04	0	18.4	15.01	14.998	10.931	1479.12	1007.58	18.742	2.1789	0	90.52	8.533	5.972	
10:14:05	0	19.0	15.00	15.087	11.016	1479.18	1007.65	18.860	2.1893	0	90.42	8.521	5.963	
10:14:06	0	19.5	14.99	15.192	11.100	1479.27	1007.72	18.993	2.2488	0	90.46	8.522	5.964	
10:14:07	0	20.2	14.96	15.446	11.225	1479.30	1007.82	19.328	2.3343	0	90.47	8.523	5.965	
10:14:08	0	20.7	14.90	15.532	11.352	1479.27	1007.93	19.463	2.3266	0	90.42	8.524	5.965	
10:14:09	0	21.2	14.85	15.552	11.463	1479.21	1008.03	19.515	2.3187	0	90.19	8.505	5.952	
10:14:10	0	21.7	14.82	15.619	11.522	1479.21	1008.08	19.611	2.2554	0	89.91	8.479	5.934	
10:14:11	0	22.3	14.81	15.641	11.560	1479.24	1008.11	19.642	2.2607	0	89.54	8.443	5.909	
10:14:12	0	22.8	14.81	15.634	11.585	1479.26	1008.14	19.637	2.3442	0	89.23	8.414	5.889	
10:14:13	0	23.3	14.81	15.657	11.597	1479.27	1008.15	19.666	2.3440	0	88.89	8.381	5.866	
10:14:14	0	23.9	14.80	15.720	11.619	1479.30	1008.17	19.747	2.3943	0	88.64	8.356	5.848	
10:14:15	0	24.4	14.79	15.777	11.660	1479.29	1008.20	19.827	2.2612	0	88.23	8.320	5.823	
10:14:16	0	24.9	14.72	15.741	11.690	1479.12	1008.24	19.814	2.1654	0	87.79	8.302	5.810	
10:14:17	0	25.5	14.20	15.299	11.637	1477.26	1008.29	19.516	2.0437	0	86.86	8.358	5.850	
10:14:18	0	26.0	13.39	15.459	11.691	1474.53	1008.47	20.133	1.9760	0	85.05	8.418	5.891	
10:14:19	0	26.5	12.43	15.503	11.863	1471.28	1008.75	20.711	2.0141	0	82.56	8.276	5.792	
10:14:20	0	27.0	11.87	15.596	12.190	1469.67	1009.08	21.148	2.0359	0	80.06	8.039	5.626	
10:14:21	0	27.5	11.44	15.505	12.413	1468.34	1009.32	21.274	1.9969	0	78.26	7.952	5.565	
10:14:22	0	28.1	11.14	15.533	12.564	1467.42	1009.48	21.489	1.8727	0	76.81	7.829	5.479	
10:14:23	0	28.6	10.87	15.638	12.690	1466.57	1009.61	21.796	1.7231	0	75.46	7.719	5.402	
10:14:24	0	29.1	10.72	15.651	12.816	1466.16	1009.73	21.908	1.5782	0	73.96	7.580	5.305	
10:14:25	0	29.6	10.62	15.772	12.948	1465.96	1009.85	22.139	1.5448	0	72.69	7.461	5.221	
10:14:26	0	30.1	10.52	15.868	13.059	1465.71	1009.95	22.339	1.5008	0	71.63	7.352	5.145	
10:14:27	0	30.7	10.39	15.896	13.171	1465.38	1010.06	22.457	1.4677	0	71.07	7.322	5.124	
10:14:28	0	31.2	10.24	15.955	13.273	1464.92	1010.16	22.639	1.3475	0	70.28	7.274	5.090	
10:14:29	0	31.7	10.19	16.142	13.395	1464.91	1010.26	22.935	1.3375	0	69.26	7.142	4.998	
10:14:30	0	32.2	10.40	16.469	13.568	1465.90	1010.37	23.263	1.2507	0	68.22	6.987	4.890	
10:14:31	0	32.7	11.00	17.584	13.962	1468.66	1010.60	24.420	1.1727	0	67.89	6.759	4.730	
10:14:32	0	33.2	11.68	18.185	14.383	1471.69	1010.83	24.786	1.0032	0	68.27	6.676	4.672	
10:14:33	0	33.8	12.15	18.492	14.760	1473.82	1011.06	24.892	1.0007	0	69.00	6.738	4.716	
10:14:34	0	34.4	12.21	18.787	14.955	1474.30	1011.20	25.242	1.0214	0	69.67	6.813	4.768	
10:14:35	0	34.9	12.05	18.822	15.094	1473.90	1011.33	25.398	1.0458	0	69.94	6.858	4.800	
10:14:36	0	35.5	11.85	18.766	15.213	1473.32	1011.46	25.461	1.0257	0	69.71	6.880	4.815	
10:14:37	0	36.0	11.67	18.771	15.282	1472.74	1011.54	25.596	0.9706	0	68.85	6.802	4.760	
10:14:38	0	36.5	11.53	18.760	15.335	1472.31	1011.61	25.677	0.9664	0	67.91	6.722	4.704	
10:14:39	0	36.8	11.49	18.762	15.384	1472.22	1011.65	25.709	0.9712	0	67.00	6.630	4.640	
10:14:40	0	36.8	11.47	18.735	15.400	1472.18	1011.67	25.685	1.0446	0	66.45	6.574	4.601	
10:14:41	0	36.7	11.47	18.712	15.394	1472.18	1011.66	25.652	1.0405	0	66.06	6.535	4.573	
10:14:42	0	36.9	11.48	18.711	15.380	1472.19	1011.65	25.645	1.0451	0	65.82	6.511	4.557	
10:14:43	0	37.0	11.50	18.727	15.374	1472.24	1011.64	25.656	1.0068	0	65.74	6.501	4.550	
10:14:44	0	37.2	11.52	18.725	15.372	1472.31	1011.64	25.640	0.9897	0	65.76	6.499	4.548	
10:14:45	0	37.4	11.53	18.729	15.371	1472.36	1011.64	25.636	0.9795	0	65.82	6.507	4.554	
10:14:46	0	37.6	11.53	18.738	15.369	1472.37	1011.64	25.646	0.9719	0	65.89	6.514	4.559	
10:14:47	0	37.8	11.53	18.730	15.368	1472.36	1011.64	25.637	0.9839	0	65.92	6.517	4.561	
10:14:48	0	38.0	11.51	18.738	15.373	1472.32	1011.64	25.658	0.9737	0	65.94	6.522	4.565	
10:14:49	0	38.2	11.51	18.751	15.380	1472.31	1011.65	25.681	0.9742	0	65.93	6.524	4.566	
10:14:50	0	38.3	11.49	18.772	15.398	1472.28	1011.67	25.721	0.9580	0	65.94	6.526	4.567	
10:14:51	0	38.6	11.47	18.790	15.420	1472.21	1011.69	25.763	0.9393	0	65.90	6.528	4.569	
10:14:52	0	38.7	11.43	18.806	15.446	1472.13	1011.72	25.808	0.9582	0	65.73	6.513	4.558	
10:14:53	0	38.9	11.41	18.845	15.479	1472.09	1011.75	25.876	0.9387	0	65.50	6.488	4.540	
10:14:54	0	39.1	11.41	18.886	15.515	1472.14	1011.77	25.932	0.9123	0	65.20	6.454	4.517	
10:14:55	0	39.2	11.46	18.996	15.569	1472.37	1011.81	26.052	0.8715	0	65.01	6.419	4.492	
10:14:56	0	39.4	11.52	19.061	15.618	1472.66	1011.84	26.097	0.8794	0	64.90	6.399	4.478	
10:14:57	0	39.6	11.58	19.109	15.662	1472.92	1011.87	26.122	0.8817	1	64.95	6.395	4.476	
10:14:58	0	39.6	11.61	19.066	15.662	1473.03	1011.86	26.043	0.8706	1	65.11	6.409	4.485	
10:14:59	0	39.7	11.62	19.063	15.649	1473.07	1011.85	26.028	0.8888	1	65.27	6.426	4.497	
10:15:00	0	39.7	11.64	19.101	15.637	1473.13	1011.84	26.064	0.9364	1	65.42	6.439	4.506	
10:15:01	0	39.7	11.67	19.266	15.688	1473.29	1011.87	26.269	0.9755	1	65.53	6.445	4.511	
10:15:02	0	39.6	11.69	19.239	15.731	1473.41	1011.90	26.220	0.9841	1	65.61	6.445	4.510	
10:15:03	1	39.6	11.69	19.216	15.758	1473.45	1011.92	26.187	0.9680	1	65.71	6.452	4.515	
10:15:04	1	39.7	11.68	19.220	15.743	1473.40	1011.91	26.200	0.9627	1	65.82	6.470	4.528	
10:15:05	1	39.7	11.68	19.226	15.741	1473.38	1011.91	26.211	0.9684	1	65.97	6.483	4.537	
10:15:06	1	39.7	11.69	19.229	15.745	1473.42	1011.92	26.208	1.0042	1	66.11	6.496	4.546	
10:15:07	1	39.7	11.70	19.245	15.750	1473.47	1011.92	26.220	1.0111	1	66.22	6.504	4.552	
10:15:08	1	39.7	11.72	19.265	15.756	1473.55	1011.92	26.233	0.9993	1	66.31	6.510	4.556	
10:15:09	1	39.7	11.73	19.266	15.760	1473.61	1011.92	26.224	1.0061	1	66.41	6.520	4.563	
10:15:10	1	39.7	11.73	19.295	15.770	1473.63	1011.93	26.263	1.0529	1	66.58	6.536	4.574	
10:15:11	1	39.7	11.73	19.326	15.786	1473.63	1011.94	26.308	1.0489	1	66.77	6.554	4.587	
10:15:12	1	39.7	11.72	19.353	15.814	1473.64	1011.96	26.350	1.0054	1	66.96	6.573	4.600	
10:15:13	1	39.7	11.73	19.347	15.830	1473.67	1011.97	26.339	0.9603	1	67.07	6.580	4.605	
10:15:14	1	39.7	11.73	19.346	15.836	1473.69	1011.98	26.336	1.0028	1	67.16	6.590	4.612	
10:15:15	1	39.7	11.73	19.371	15.840	1473.71	1011.98	26.366	1.0137	1	67.22	6.597	4.617	
10:15:16	1	39.7	11.73	19.384	15.850	1473.72	1011.99	26.384	1.0127	1	67.28	6.601	4.620	
10:15:17	1	39.5	11.74	19.272	15.826	1473.71	1011.97	26.226	0.9690	0	67.35	6.608	4.625	
10:15:18	1	39.2	11.75	19.270	15.794	1473.71	1011.94	26.216	0.9814	0	67.35	6.608	4.624	
10:15:19	1	38.9	11.75	19.216	15.742	1473.62	1011.90	26.147	0.9680	0	67.38	6.614	4.629	
10:15:20	1	38.6	11.73	19.190	15.720	1473.52	1011.88	26.126	0.9653	0	67.39	6.616	4.630	
10:15:21	1	38.2	11.69	19.130	15.687	1473.35	1011.86	26.068	0.9345	0	67.38	6.622	4.635	
10:15:22	1	37.8	11.65	18.956	15.623	1473.12	1011.82	25.860	0.9207	0	67.27	6.617	4.631	
10:15:23	1	37.5	11.58	18.924	15.564	1472.80	1011.78	25.863	0.9140	0	67.06	6.609	4.625	
10:15:24	1	37.1	11.51	18.846	15.505	1472.44	1011.74	25.811	0.9535	0	66.78	6.594	4.614	
10:15:25	1	36.8	11.45	18.832	15.496	1472.21	1011.74	25.834	1.0095	0	66.41	6.565	4.595	
10:15:26	1	36.5	11.43	18.813	15.485	1472.11	1011.74	25.824	1.0592	0	66.01	6.533	4.572	
10:15:27	1	36.2	11.43	18.799	15.482	1472.12	1011.73	25.800	1.0701	0	65.62	6.494	4.545	
10:15:28	1	35.8	11.44	18.784	15.468	1472.14	1011.72	25.772	1.0641	0	65.33	6.465	4.525	
10:15:29	1	35.4	11.46	18.777	15.453	1472.17	1011.70	25.751	1.0589	0	65.12	6.443	4.509	
10:15:30	1	35.1	11.48	18.776	15.440	1472.22	1011.69	25.736	1.0536	0	64.99	6.430	4.500	
10:15:31	1	34.7	11.51	18.769	15.426	1472.31	1011.67	25.704	1.0345	0	64.95	6.423	4.495	
10:15:32	1	34.4	11.58	18.789	15.413	1472.56	1011.65	25.679	1.0325	0	64.92	6.412	4.488	
10:15:33	1	34.0	11.67	18.822	15.400	1472.85	1011.62	25.666	1.0465	0	64.95	6.412	4.487	
10:15:34	1	33.6	11.78	18.813	15.376	1473.22	1011.59	25.576	1.1989	0	65.04	6.402	4.481	
10:15:35	1	33.3	11.88	18.715	15.314	1473.52	1011.52	25.372	1.2057	0	65.29	6.416	4.490	
10:15:36	1	33.0	12.02	18.638	15.211	1473.90	1011.42	25.171	1.1939	0	65.73	6.442	4.508	
10:15:37	1	33.0	12.13	18.555	15.087	1474.15	1011.31	24.984	1.0343	0	66.37	6.486	4.539	
10:15:38	1	33.0	12.19	18.592	15.010	1474.26	1011.24	24.997	1.0437	0	67.22	6.573	4.600	
10:15:39	1	33.0	12.19	18.573	14.969	1474.21	1011.21	24.971	1.0463	0	67.92	6.637	4.645	
10:15:40	1	33.0	12.19	18.508	14.947	1474.21	1011.19	24.880	1.0560	0	68.49	6.685	4.678	
10:15:41	1	33.0	12.19	18.525	14.928	1474.15	1011.18	24.908	1.0121	0	68.85	6.727	4.708	
10:15:42	1	33.0	12.15	18.670	14.962	1474.05	1011.21	25.129	0.9764	0	69.21	6.771	4.739	
10:15:43	1	33.0	12.08	18.748	15.048	1473.90	1011.29	25.282	0.9876	0	69.46	6.802	4.760	
10:15:44	1	33.0	12.03	18.757	15.137	1473.82	1011.36	25.328	1.0146	0	69.54	6.828	4.779	
10:15:45	2	32.9	11.96	18.778	15.194	1473.65	1011.42	25.403	1.0472	0	69.39	6.827	4.778	
10:15:46	2	32.9	11.97	18.733	15.204	1473.69	1011.42	25.338	1.0626	0	69.21	6.790	4.752	
10:15:47	2	33.0	11.98	18.735	15.204	1473.75	1011.42	25.329	1.0718	0	69.06	6.761	4.732	
10:15:48	2	33.0	12.07	18.577	15.129	1473.99	1011.35	25.054	1.0751	0	69.02	6.752	4.725	
10:15:49	2	33.0	12.12	18.596	15.068	1474.09	1011.30	25.046	1.0882	0	69.00	6.738	4.716	
10:15:50	2	32.9	12.17	18.587	14.999	1474.19	1011.24	25.001	1.0654	0	69.02	6.738	4.715	
10:15:51	2	33.0	12.19	18.413	14.936	1474.19	1011.18	24.754	1.0909	0	69.05	6.744	4.720	
10:15:52	2	33.0	12.21	18.352	14.853	1474.14	1011.12	24.662	1.0611	0	69.13	6.755	4.727	
10:15:53	2	32.9	12.20	18.342	14.778	1474.03	1011.06	24.652	1.0663	0	69.22	6.770	4.738	
10:15:54	2	32.6	12.15	18.372	14.771	1473.85	1011.06	24.724	0.9813	0	69.27	6.783	4.747	
10:15:55	2	32.4	12.10	17.980	14.676	1473.54	1010.99	24.230	0.9445	0	69.27	6.793	4.754	
10:15:56	2	32.2	12.05	17.422	14.427	1473.05	1010.81	23.511	0.9284	0	69.23	6.803	4.761	
10:15:57	2	31.9	11.87	17.375	14.172	1472.08	1010.64	23.564	0.9187	0	69.19	6.817	4.771	
10:15:58	2	31.6	11.60	16.884	13.914	1470.78	1010.48	23.068	0.9028	0	69.11	6.853	4.796	
10:15:59	2	31.2	11.17	16.632	13.791	1469.04	1010.44	22.993	0.9026	0	69.00	6.899	4.829	
10:16:00	2	30.9	10.86	16.604	13.688	1467.78	1010.40	23.149	1.0203	0	68.81	6.954	4.867	
10:16:01	2	30.6	10.53	16.170	13.606	1466.42	1010.38	22.757	1.1610	0	68.44	6.973	4.880	
10:16:02	2	30.3	10.36	16.083	13.541	1465.69	1010.35	22.743	1.3132	0	68.03	6.959	4.870	
10:16:03	2	30.0	10.22	16.128	13.477	1465.09	1010.31	22.895	1.3903	0	67.62	6.943	4.859	
10:16:04	2	29.6	10.22	16.142	13.507	1465.11	1010.34	22.917	1.4513	0	67.27	6.920	4.843	
10:16:05	2	29.3	10.25	16.036	13.506	1465.23	1010.33	22.745	1.4690	0	66.94	6.886	4.819	
10:16:06	2	28.8	10.32	15.943	13.438	1465.40	1010.27	22.569	1.4542	0	66.73	6.857	4.799	
10:16:07	2	28.6	10.36	15.963	13.366	1465.45	1010.21	22.573	1.4877	0	66.81	6.865	4.804	
10:16:08	2	28.3	10.41	15.972	13.328	1465.60	1010.17	22.552	1.5355	0	67.02	6.881	4.815	
10:16:09	2	28.0	10.45	15.756	13.255	1465.67	1010.10	22.220	1.6089	0	67.35	6.915	4.839	
10:16:10	2	27.6	10.52	15.673	13.148	1465.79	1010.01	22.061	1.5755	0	67.60	6.939	4.856	
10:16:11	2	27.3	10.57	15.649	13.032	1465.83	1009.91	21.997	1.5592	0	67.91	6.966	4.875	
10:16:12	2	27.0	10.63	15.689	12.991	1466.00	1009.87	22.016	1.5552	0	68.16	6.985	4.889	
10:16:13	2	26.7	10.73	15.602	12.945	1466.32	1009.82	21.832	1.6021	0	68.39	6.996	4.896	
10:16:14	2	26.3	10.90	15.557	12.878	1466.89	1009.75	21.665	1.6503	0	68.51	6.999	4.898	
10:16:15	2	26.0	11.18	15.548	12.774	1467.77	1009.63	21.490	1.7397	0	68.86	7.004	4.902	
10:16:16	2	25.7	11.44	15.555	12.678	1468.64	1009.51	21.342	1.8342	0	69.48	7.033	4.922	
10:16:17	2	25.4	11.66	15.541	12.587	1469.34	1009.41	21.194	1.9252	0	70.49	7.108	4.974	
10:16:18	2	25.1	11.86	15.498	12.496	1469.94	1009.31	21.024	1.9663	0	71.38	7.172	5.019	
10:16:19	2	25.0	12.03	15.477	12.408	1470.46	1009.22	20.899	1.9604	0	72.24	7.211	5.047	
10:16:20	2	25.1	12.16	15.414	12.317	1470.83	1009.13	20.739	1.9005	0	72.87	7.230	5.060	
10:16:21	2	25.1	12.20	15.462	12.268	1470.92	1009.09	20.781	1.8750	0	73.41	7.301	5.110	
10:16:22	2	25.1	12.12	15.456	12.252	1470.62	1009.09	20.817	1.8740	0	73.72	7.360	5.151	
10:16:23	2	25.1	11.98	15.506	12.298	1470.16	1009.14	20.964	1.8908	0	73.90	7.411	5.187	
10:16:24	2	25.1	11.73	15.554	12.376	1469.34	1009.24	21.172	1.8607	0	73.99	7.479	5.234	
10:16:25	2	25.1	11.57	15.548	12.464	1468.84	1009.33	21.260	1.8814	0	74.05	7.473	5.230	
10:16:26	3	25.0	11.49	15.552	12.533	1468.63	1009.39	21.309	1.9533	0	74.01	7.452	5.215	
10:16:27	3	25.0	11.54	15.523	12.545	1468.83	1009.40	21.240	2.0475	0	74.02	7.446	5.211	
10:16:28	3	25.2	11.57	15.527	12.538	1468.94	1009.39	21.229	2.0322	0	73.95	7.447	5.212	
10:16:29	3	25.2	11.54	15.528	12.526	1468.81	1009.38	21.249	1.9822	0	73.98	7.460	5.221	
10:16:30	3	25.1	11.49	15.522	12.531	1468.64	1009.39	21.267	1.9601	0	73.99	7.466	5.225	
10:16:31	3	25.1	11.47	15.522	12.541	1468.56	1009.40	21.281	1.9922	0	74.02	7.466	5.225	
10:16:32	3	25.1	11.49	15.522	12.545	1468.63	1009.40	21.271	2.0193	0	74.01	7.464	5.224	
10:16:33	3	25.0	11.53	15.520	12.540	1468.79	1009.39	21.242	1.9931	0	74.03	7.466	5.225	
10:16:34	3	25.0	11.69	15.507	12.511	1469.35	1009.35	21.132	1.9489	0	74.07	7.465	5.224	
10:16:35	3	24.8	12.09	15.456	12.425	1470.72	1009.22	20.833	1.9483	0	74.12	7.429	5.199	
10:16:36	3	24.6	12.67	15.506	12.296	1472.64	1009.04	20.581	1.9719	0	74.21	7.397	5.177	
10:16:37	3	24.4	13.29	15.551	12.136	1474.65	1008.82	20.307	2.0215	0	74.49	7.353	5.146	
10:16:38	3	24.1	13.80	15.614	12.001	1476.28	1008.63	20.122	2.0513	0	75.39	7.330	5.130	
10:16:39	3	23.9	14.19	15.609	11.871	1477.49	1008.46	19.913	2.1879	0	76.57	7.346	5.141	
10:16:40	3	23.5	14.45	15.613	11.770	1478.25	1008.34	19.789	2.2282	0	78.11	7.461	5.221	
10:16:41	3	23.1	14.60	15.573	11.678	1478.66	1008.24	19.662	2.2832	0	79.56	7.567	5.295	
10:16:42	3	22.7	14.67	15.599	11.628	1478.82	1008.19	19.662	2.2796	0	81.08	7.692	5.383	
10:16:43	3	22.3	14.72	15.589	11.595	1478.96	1008.16	19.623	2.3949	0	82.23	7.769	5.437	
10:16:44	3	21.9	14.74	15.594	11.586	1479.02	1008.14	19.618	2.4127	0	83.04	7.844	5.489	
10:16:45	3	21.6	14.76	15.602	11.578	1479.06	1008.13	19.621	2.3721	0	83.71	7.909	5.535	
10:16:46	3	21.2	14.76	15.592	11.575	1479.07	1008.13	19.605	2.3425	0	84.41	7.975	5.581	
10:16:47	3	20.9	14.77	15.494	11.545	1479.05	1008.10	19.479	2.4126	0	85.12	8.040	5.627	
10:16:48	3	20.5	14.80	15.405	11.488	1479.07	1008.05	19.353	2.5512	0	85.65	8.090	5.662	
10:16:49	3	20.1	14.84	15.257	11.391	1479.09	1007.97	19.149	2.6594	0	86.11	8.124	5.686	
10:16:50	3	20.1	14.88	15.337	11.339	1479.18	1007.92	19.228	2.5570	0	86.56	8.161	5.711	
10:16:51	3	20.0	14.92	15.287	11.296	1479.24	1007.88	19.149	2.3908	0	87.07	8.209	5.745	
10:16:52	3	20.0	14.93	15.242	11.283	1479.27	1007.87	19.087	2.3049	0	87.49	8.242	5.768	
10:16:53	3	20.0	14.92	15.385	11.292	1479.25	1007.88	19.269	2.4663	0	87.78	8.273	5.789	
10:16:54	3	20.1	14.89	15.504	11.353	1479.23	1007.93	19.432	2.6039	0	88.04	8.305	5.812	
10:16:55	3	20.1	14.87	15.449	11.413	1479.24	1007.98	19.372	2.5784	0	88.12	8.308	5.815	
10:16:56	3	19.9	14.88	15.359	11.411	1479.24	1007.98	19.258	2.4580	0	88.19	8.312	5.817	
10:16:57	4	19.9	14.91	15.343	11.366	1479.29	1007.94	19.225	2.4310	0	88.16	8.311	5.817	
10:16:58	4	19.9	14.93	15.322	11.327	1479.33	1007.90	19.186	2.4666	0	88.20	8.312	5.817	
10:16:59	4	20.0	14.96	15.261	11.294	1479.37	1007.87	19.098	2.5196	0	88.32	8.322	5.824	
10:17:00	4	19.9	14.97	15.208	11.251	1479.37	1007.84	19.024	2.5095	0	88.43	8.332	5.831	
10:17:01	5	19.9	14.98	15.210	11.216	1479.37	1007.81	19.021	2.4915	0	88.51	8.338	5.835	
10:17:02	5	19.9	14.98	15.193	11.196	1479.35	1007.79	19.000	2.4842	0	88.50	8.339	5.836	
10:17:03	5	19.9	14.98	15.187	11.189	1479.34	1007.79	18.993	2.4576	0	88.61	8.349	5.843	
10:17:04	5	20.0	14.98	15.163	11.176	1479.34	1007.78	18.961	2.4869	0	88.77	8.363	5.853	
10:17:05	5	20.0	14.99	15.167	11.169	1479.33	1007.77	18.966	2.5194	0	88.92	8.376	5.862	
10:17:06	5	20.0	14.99	15.146	11.158	1479.33	1007.76	18.938	2.6009	0	89.00	8.384	5.867	
10:17:07	5	19.9	14.99	15.134	11.149	1479.32	1007.76	18.922	2.6258	0	89.09	8.392	5.873	
10:17:08	5	19.9	14.99	15.136	11.141	1479.31	1007.75	18.925	2.6017	0	89.18	8.403	5.881	
10:17:09	5	19.9	14.99	15.142	11.139	1479.32	1007.75	18.931	2.5522	0	89.32	8.414	5.889	
10:17:10	5	19.9	14.99	15.125	11.137	1479.31	1007.75	18.910	2.5365	0	89.36	8.419	5.892	
10:17:11	5	19.8	14.99	15.109	11.129	1479.30	1007.74	18.891	2.5516	0	89.44	8.425	5.896	
10:17:12	5	19.6	14.99	15.125	11.125	1479.28	1007.74	18.912	2.5003	0	89.40	8.423	5.895	
10:17:13	5	19.3	14.99	15.095	11.118	1479.27	1007.73	18.875	2.4719	0	89.49	8.432	5.901	
10:17:14	5	19.1	14.99	15.093	11.114	1479.26	1007.73	18.872	2.4796	0	89.56	8.438	5.906	
10:17:15	5	18.8	14.99	15.088	11.104	1479.25	1007.72	18.866	2.5414	0	89.65	8.449	5.913	
10:17:16	5	18.5	14.99	15.072	11.097	1479.24	1007.71	18.844	2.5099	0	89.71	8.452	5.915	
10:17:17	5	18.0	14.99	15.032	11.081	1479.20	1007.70	18.795	2.4973	0	89.70	8.454	5.916	
10:17:18	5	17.5	14.99	14.877	11.025	1479.15	1007.65	18.599	2.4652	0	89.70	8.456	5.918	
10:17:19	5	17.0	15.01	14.645	10.909	1479.07	1007.56	18.300	2.5860	0	89.63	8.450	5.914	
10:17:20	5	16.5	15.04	14.478	10.758	1478.97	1007.43	18.081	2.5857	0	89.52	8.444	5.910	
10:17:21	5	16.0	15.05	14.383	10.622	1478.85	1007.32	17.957	2.5047	0	89.45	8.440	5.907	
10:17:22	5	15.4	15.04	14.090	10.474	1478.62	1007.21	17.597	2.4035	0	89.44	8.450	5.914	
10:17:23	5	14.9	15.01	13.868	10.315	1478.34	1007.09	17.332	2.3611	0	89.48	8.469	5.927	
10:17:24	5	14.4	14.98	13.389	10.059	1477.92	1006.90	16.747	2.3807	0	89.45	8.483	5.937	
10:17:25	5	13.9	14.97	13.183	9.826	1477.63	1006.72	16.490	2.3053	0	89.37	8.488	5.940	
10:17:26	5	13.4	14.99	13.119	9.630	1477.45	1006.56	16.403	2.1702	0	89.37	8.496	5.946	
10:17:27	5	12.9	15.02	13.091	9.549	1477.44	1006.49	16.356	1.9801	0	89.46	8.503	5.951	
10:17:28	5	12.4	15.04	13.080	9.517	1477.46	1006.46	16.335	1.8385	0	89.63	8.517	5.960	
10:17:29	5	11.8	15.05	13.022	9.486	1477.46	1006.44	16.257	1.8188	0	89.86	8.538	5.975	
10:17:30	5	11.3	15.05	12.948	9.447	1477.41	1006.40	16.166	1.8188	0	90.08	8.559	5.990	
10:17:31	5	10.9	15.02	12.867	9.392	1477.25	1006.36	16.075	1.8284	0	90.29	8.587	6.010	
10:17:32	5	10.4	14.98	12.781	9.335	1477.01	1006.33	15.986	1.7997	0	90.29	8.605	6.022	
10:17:33	5	9.8	14.94	12.744	9.291	1476.81	1006.30	15.956	1.8804	0	90.20	8.605	6.022	
10:17:34	5	9.5	14.91	12.725	9.262	1476.70	1006.28	15.941	1.9209	0	90.05	8.594	6.014	
10:17:35	5	9.5	14.91	12.711	9.249	1476.67	1006.27	15.925	1.9016	0	89.96	8.587	6.009	
10:17:36	5	9.5	14.91	12.704	9.241	1476.66	1006.26	15.916	1.8447	0	89.89	8.579	6.004	
10:17:37	5	9.5	14.91	12.691	9.232	1476.67	1006.25	15.898	1.8122	0	89.89	8.578	6.003	
10:17:38	5	9.5	14.92	12.686	9.224	1476.69	1006.25	15.889	1.8167	0	89.94	8.583	6.007	
10:17:39	5	9.5	14.93	12.686	9.218	1476.70	1006.24	15.886	1.8313	0	90.03	8.590	6.012	
10:17:40	5	9.5	14.93	12.684	9.215	1476.71	1006.24	15.882	1.8187	0	90.12	8.601	6.019	
10:17:41	5	9.5	14.94	12.682	9.213	1476.72	1006.23	15.878	1.8379	0	90.18	8.605	6.022	
10:17:42	5	9.5	14.94	12.680	9.210	1476.72	1006.23	15.875	1.8204	0	90.20	8.607	6.023	
10:17:43	5	9.5	14.94	12.681	9.209	1476.72	1006.23	15.876	1.8693	0	90.23	8.608	6.025	
10:17:44	5	9.5	14.94	12.679	9.208	1476.71	1006.23	15.874	1.8916	0	90.22	8.609	6.025	
10:17:45	6	9.4	14.94	12.679	9.208	1476.71	1006.23	15.874	1.8768	0	90.23	8.609	6.025	
10:17:46	6	9.4	14.94	12.678	9.207	1476.71	1006.23	15.872	1.8150	0	90.20	8.606	6.023	
10:17:47	6	9.5	14.94	12.678	9.207	1476.71	1006.23	15.872	1.7980	0	90.17	8.605	6.022	
10:17:48	6	9.5	14.94	12.679	9.207	1476.71	1006.23	15.874	1.8173	0	90.18	8.605	6.022	
10:17:49	6	9.5	14.93	12.679	9.207	1476.71	1006.23	15.874	1.8420	0	90.19	8.605	6.022	
10:17:50	6	9.5	14.93	12.679	9.208	1476.71	1006.23	15.874	1.8439	0	90.25	8.611	6.026	
10:17:51	6	9.5	14.93	12.680	9.208	1476.70	1006.23	15.876	1.8597	0	90.21	8.608	6.024	
10:17:52	6	9.5	14.93	12.680	9.209	1476.69	1006.23	15.878	1.8582	0	90.17	8.604	6.022	
10:17:53	6	9.5	14.93	12.681	9.210	1476.69	1006.23	15.880	1.8312	0	90.13	8.602	6.020	
10:17:54	6	9.5	14.93	12.680	9.210	1476.69	1006.23	15.879	1.8215	0	90.11	8.598	6.017	
10:17:55	6	9.5	14.93	12.681	9.211	1476.69	1006.23	15.879	1.8317	0	90.14	8.601	6.019	
10:17:56	6	9.5	14.93	12.680	9.210	1476.70	1006.23	15.877	1.8263	0	90.16	8.604	6.021	
10:17:57	6	9.5	14.93	12.681	9.210	1476.70	1006.23	15.878	1.8667	0	90.20	8.607	6.024	
10:17:58	6	9.3	14.94	12.681	9.210	1476.71	1006.23	15.877	1.8353	0	90.19	8.605	6.022	
10:17:59	6	9.0	14.94	12.676	9.208	1476.73	1006.23	15.868	1.8596	0	90.21	8.607	6.023	
10:18:00	6	8.7	14.94	12.580	9.180	1476.69	1006.21	15.747	1.8243	0	90.23	8.607	6.024	
10:18:01	6	8.5	14.93	12.384	9.103	1476.54	1006.15	15.508	1.8817	0	90.21	8.613	6.028	
10:18:02	6	8.2	14.85	11.986	8.930	1476.06	1006.03	15.040	1.8351	0	90.20	8.633	6.041	
10:18:03	6	7.8	14.75	11.765	8.732	1475.49	1005.89	14.799	1.7467	0	90.34	8.682	6.076	
10:18:04	6	7.5	14.63	11.654	8.563	1474.87	1005.78	14.704	1.6200	0	90.76	8.751	6.124	
10:18:05	6	7.2	14.52	11.265	8.399	1474.30	1005.67	14.253	1.5460	0	91.25	8.821	6.173	
10:18:06	6	6.8	14.39	10.977	8.218	1473.63	1005.55	13.933	1.4965	0	91.72	8.906	6.233	
10:18:07	6	6.5	14.28	10.954	8.059	1473.05	1005.45	13.945	1.4207	0	92.12	8.974	6.281	
10:18:08	6	6.2	14.20	10.927	7.992	1472.71	1005.40	13.936	1.3451	0	92.47	9.022	6.314	
10:18:09	6	5.8	14.17	10.922	7.992	1472.60	1005.41	13.940	1.2786	0	92.82	9.063	6.343	
10:18:10	6	5.5	14.17	10.917	7.990	1472.58	1005.40	13.935	1.2006	0	93.10	9.094	6.364	
10:18:11	6	5.1	14.17	10.914	7.989	1472.57	1005.40	13.932	1.1287	0	93.34	9.118	6.381	
10:18:12	6	4.8	14.17	10.912	7.987	1472.56	1005.40	13.929	1.0691	0	93.49	9.133	6.392	
10:18:13	6	4.4	14.17	10.911	7.986	1472.55	1005.40	13.928	1.0400	0	93.58	9.144	6.400	
10:18:14	6	4.1	14.17	10.910	7.984	1472.54	1005.39	13.927	1.0241	0	93.68	9.154	6.406	
10:18:15	6	3.8	14.17	10.909	7.984	1472.53	1005.39	13.926	1.0201	0	93.70	9.154	6.406	
10:18:16	6	3.4	14.17	10.909	7.983	1472.52	1005.39	13.927	1.0203	0	93.70	9.155	6.407	
10:18:17	6	3.1	14.16	10.909	7.984	1472.51	1005.39	13.927	1.0112	0	93.74	9.158	6.409	
10:18:18	6	3.0	14.16	10.909	7.984	1472.51	1005.39	13.927	0.9665	0	93.77	9.163	6.412	
10:18:19	6	3.0	14.16	10.910	7.984	1472.51	1005.39	13.929	0.9355	0	93.80	9.166	6.415	
10:18:20	6	3.0	14.16	10.908	7.984	1472.51	1005.39	13.926	0.8904	0	93.80	9.167	6.416	
10:18:21	6	3.0	14.17	10.908	7.984	1472.51	1005.39	13.925	0.8807	0	93.85	9.171	6.418	
10:18:22	6	3.0	14.17	10.909	7.983	1472.52	1005.39	13.926	0.8688	0	93.87	9.172	6.419	
10:18:23	6	3.0	14.17	10.905	7.982	1472.52	1005.39	13.922	0.8559	0	93.87	9.171	6.418	
10:18:24	6	2.9	14.17	10.907	7.982	1472.52	1005.39	13.923	0.8329	0	93.87	9.174	6.421	
10:18:25	6	3.0	14.17	10.907	7.981	1472.52	1005.39	13.923	0.8096	0	93.93	9.179	6.424	
10:18:26	7	2.9	14.17	10.903	7.980	1472.52	1005.39	13.919	0.8258	0	94.01	9.186	6.429	
10:18:27	7	3.0	14.17	10.903	7.980	1472.52	1005.39	13.919	0.8457	0	94.01	9.187	6.430	
10:18:28	7	3.0	14.17	10.901	7.978	1472.51	1005.38	13.916	0.8660	0	93.96	9.181	6.425	
10:18:29	7	3.0	14.17	10.902	7.978	1472.51	1005.38	13.917	0.8746	0	93.90	9.178	6.423	
10:18:30	7	3.0	14.17	10.901	7.977	1472.51	1005.38	13.916	0.8819	0	93.94	9.180	6.424	
10:18:31	8	2.9	14.17	10.901	7.978	1472.51	1005.38	13.916	0.8852	0	93.95	9.182	6.426	
10:18:32	8	3.0	14.17	10.902	7.978	1472.51	1005.38	13.918	0.8851	0	93.99	9.184	6.427	
10:18:33	8	3.0	14.16	10.901	7.978	1472.50	1005.38	13.917	0.8783	0	93.96	9.182	6.426	
10:18:34	8	3.0	14.16	10.901	7.978	1472.50	1005.38	13.917	0.9237	0	93.95	9.183	6.427	
10:18:35	8	3.0	14.16	10.901	7.978	1472.50	1005.38	13.917	0.9012	0	93.95	9.182	6.426	
10:18:36	8	3.0	14.16	10.899	7.977	1472.50	1005.38	13.914	0.8910	0	93.97	9.183	6.427	
10:18:37	8	2.9	14.17	10.899	7.977	1472.50	1005.38	13.914	0.8333	0	93.99	9.184	6.428	
10:18:38	8	3.0	14.17	10.899	7.976	1472.50	1005.38	13.914	0.8449	0	93.94	9.179	6.424	
10:18:39	8	2.8	14.17	10.895	7.975	1472.50	1005.38	13.909	0.8646	0	93.94	9.179	6.424	
10:18:40	8	2.5	14.16	10.898	7.975	1472.49	1005.38	13.913	0.8692	0	93.94	9.181	6.425	
10:18:41	8	2.2	14.16	10.898	7.974	1472.49	1005.38	13.913	0.8552	0	93.96	9.184	6.427	
10:18:42	8	1.9	14.16	10.898	7.975	1472.48	1005.38	13.913	0.8824	0	93.95	9.182	6.426	
10:18:43	8	1.5	14.16	10.898	7.975	1472.47	1005.38	13.913	0.8824	0	93.85	9.172	6.419	
10:18:44	8	1.4	14.16	10.897	7.975	1472.47	1005.38	13.912	0.8837	0	93.82	9.169	6.417	
10:18:45	8	1.2	14.16	10.897	7.975	1472.46	1005.37	13.912	0.8343	0	93.73	9.161	6.411	
10:18:46	8	1.3	14.16	10.898	7.975	1472.46	1005.37	13.914	0.8113	0	93.72	9.160	6.411	
10:18:47	8	1.4	14.16	10.897	7.975	1472.46	1005.38	13.912	0.8028	0	93.70	9.155	6.407	
10:18:48	8	1.3	14.16	10.895	7.975	1472.46	1005.37	13.911	0.7792	0	93.73	9.162	6.412	
10:18:49	8	1.3	14.16	10.895	7.974	1472.46	1005.37	13.910	0.7727	0	93.73	9.161	6.411	
10:18:50	8	1.2	14.16	10.895	7.974	1472.46	1005.37	13.911	0.7727	0	93.74	9.163	6.412	
10:18:51	8	1.4	14.16	10.897	7.974	1472.46	1005.37	13.912	0.7836	0	93.81	9.169	6.417	
10:18:52	8	1.3	14.16	10.897	7.975	1472.46	1005.37	13.913	0.7937	0	93.85	9.173	6.420	
10:18:53	8	1.1	14.16	10.897	7.975	1472.46	1005.37	13.912	0.7958	0	93.89	9.176	6.421	
10:18:54	8	1.3	14.16	10.897	7.975	1472.46	1005.38	13.912	0.7912	0	93.85	9.174	6.420	
10:18:55	8	1.5	14.16	10.897	7.975	1472.47	1005.38	13.912	0.7823	0	93.86	9.175	6.421	
10:18:56	8	1.2	14.16	10.897	7.975	1472.46	1005.37	13.912	0.7846	0	93.87	9.174	6.420	
10:18:57	8	1.2	14.16	10.897	7.975	1472.46	1005.37	13.912	0.7765	0	93.90	9.177	6.423	
10:18:58	8	1.4	14.16	10.895	7.975	1472.46	1005.37	13.911	0.7786	0	93.87	9.175	6.421	
10:18:59	8	1.4	14.16	10.895	7.974	1472.46	1005.38	13.911	0.7609	0	93.90	9.178	6.423	
10:19:00	8	1.2	14.16	10.895	7.974	1472.46	1005.37	13.911	0.7681	0	93.92	9.180	6.425	
10:19:01	8	1.3	14.16	10.897	7.974	1472.46	1005.37	13.913	0.7524	0	93.94	9.180	6.425	
10:19:02	8	1.4	14.16	10.895	7.975	1472.46	1005.38	13.912	0.7529	0	93.89	9.178	6.423	
10:19:03	8	1.2	14.16	10.895	7.975	1472.45	1005.37	13.912	0.7494	0	93.87	9.176	6.421	
10:19:04	8	1.2	14.16	10.897	7.975	1472.45	1005.37	13.913	0.7621	0	93.89	9.177	6.422	
10:19:05	8	1.4	14.16	10.895	7.975	1472.46	1005.38	13.911	0.7601	0	93.88	9.177	6.422	
10:19:06	9	1.2	14.16	10.895	7.975	1472.46	1005.37	13.911	0.7720	0	93.91	9.179	6.424	
10:19:07	9	1.2	14.16	10.894	7.974	1472.45	1005.37	13.910	0.7618	0	93.90	9.176	6.422	
10:19:08	9	1.3	14.16	10.894	7.974	1472.46	1005.37	13.910	0.7695	0	93.92	9.180	6.425	
10:19:09	9	1.2	14.16	10.894	7.974	1472.45	1005.37	13.910	0.7588	0	93.91	9.180	6.424	
10:19:10	9	1.4	14.16	10.894	7.974	1472.45	1005.37	13.910	0.7705	0	93.90	9.178	6.423	
10:19:11	9	1.3	14.16	10.893	7.973	1472.45	1005.37	13.909	0.7799	0	93.91	9.180	6.424	
10:19:12	10	1.3	14.16	10.893	7.973	1472.45	1005.37	13.909	0.8082	0	93.90	9.179	6.424	
10:19:13	10	1.2	14.16	10.894	7.973	1472.44	1005.37	13.911	0.8177	0	93.88	9.177	6.422	
10:19:14	10	1.4	14.16	10.893	7.973	1472.45	1005.37	13.910	0.8265	0	93.88	9.177	6.423	
10:19:15	11	1.3	14.16	10.893	7.973	1472.44	1005.37	13.910	0.8087	0	93.90	9.180	6.425	
10:19:16	11	1.2	14.16	10.893	7.973	1472.44	1005.37	13.910	0.8137	0	93.91	9.179	6.424	
10:19:17	11	1.4	14.16	10.894	7.974	1472.45	1005.37	13.911	0.8018	0	93.92	9.179	6.424	
10:19:18	11	1.4	14.16	10.894	7.974	1472.45	1005.37	13.911	0.7943	0	93.90	9.178	6.423	
10:19:19	11	1.4	14.16	10.894	7.974	1472.45	1005.37	13.910	0.7819	0	93.93	9.181	6.426	
10:19:20	11	1.3	14.16	10.894	7.974	1472.45	1005.37	13.910	0.7714	0	93.94	9.183	6.426	
10:19:21	11	1.3	14.16	10.894	7.974	1472.45	1005.37	13.910	0.7688	0	93.98	9.185	6.428	
10:19:22	11	1.2	14.16	10.894	7.974	1472.45	1005.37	13.910	0.7591	0	94.00	9.188	6.430	
10:19:23	12	1.3	14.16	10.893	7.973	1472.45	1005.37	13.909	0.7736	0	93.99	9.186	6.429	
10:19:24	12	1.2	14.16	10.893	7.973	1472.46	1005.37	13.908	0.7860	0	93.98	9.186	6.429	
10:19:25	12	1.4	14.16	10.893	7.973	1472.46	1005.37	13.908	0.8150	0	93.97	9.186	6.429	
10:19:26	12	1.4	14.16	10.893	7.972	1472.46	1005.37	13.908	0.8205	0	93.97	9.186	6.429	
10:19:27	12	1.4	14.16	10.893	7.973	1472.45	1005.37	13.909	0.8283	0	93.95	9.184	6.427	
10:19:28	12	1.3	14.16	10.893	7.973	1472.45	1005.37	13.909	0.8108	0	93.90	9.177	6.423	
10:19:29	12	1.4	14.16	10.893	7.973	1472.45	1005.37	13.909	0.8007	0	93.89	9.177	6.422	
10:19:30	12	1.4	14.16	10.892	7.972	1472.45	1005.37	13.907	0.7816	0	93.89	9.178	6.423	
10:19:31	12	1.3	14.16	10.892	7.972	1472.45	1005.37	13.907	0.7906	0	93.90	9.177	6.422	
10:19:32	12	1.4	14.16	10.892	7.972	1472.45	1005.37	13.907	0.8179	0	93.87	9.176	6.421	
10:19:33	12	1.4	14.16	10.892	7.972	1472.45	1005.37	13.907	0.8260	0	93.86	9.174	6.420	
10:19:34	12	1.3	14.16	10.892	7.972	1472.45	1005.37	13.908	0.8307	0	93.91	9.178	6.423	
10:19:35	12	1.1	14.16	10.892	7.972	1472.45	1005.37	13.908	0.8025	0	93.93	9.180	6.425	
10:19:36	12	0.9	14.16	10.892	7.972	1472.44	1005.37	13.908	0.7866	0	93.99	9.188	6.430	
10:19:37	12	0.7	14.16	10.892	7.972	1472.44	1005.37	13.908	0.7648	0	93.97	9.186	6.429	
10:19:38	12	0.2	14.16	10.892	7.972	1472.43	1005.37	13.908	0.7563	0	93.94	9.183	6.427	
10:19:39	12	0.1	14.16	10.892	7.972	1472.43	1005.37	13.908	0.7343	0	93.85	9.173	6.420	
10:19:40	12	0.1	14.16	10.892	7.972	1472.43	1005.37	13.908	0.7094	0	93.79	9.168	6.416	
10:19:41	12	0.1	14.14	1.556	5.650	1469.63	1003.59	1.987	0.6856	0	93.74	9.298	6.507	
10:19:42	12	0.1	14.07	1.059	3.218	1466.49	1001.73	1.356	0.6710	0	93.62	9.432	6.601	
10:19:43	12	0.1	13.94	0.979	0.768	1463.11	999.85	1.258	0.6566	0	93.41	9.590	6.712	
10:19:44	12	0.1	13.76	0.707	0.581	1462.25	999.73	0.912	0.4557	0	93.18	9.563	6.693	
10:19:45	12	0.1	13.56	0.722	0.509	1461.45	999.70	0.936	0.2589	0	92.95	9.578	6.703	
10:19:46	12	0.1	13.39	0.765	0.464	1460.75	999.69	0.996	0.0599	0	92.79	9.580	6.704	
10:19:47	12	0.1	13.24	0.786	0.484	1460.25	999.72	1.027	0.0479	0	92.67	9.579	6.704	
10:19:48	12	0.1	13.14	0.775	0.497	1459.90	999.75	1.015	0.0472	0	92.62	9.579	6.704	
