Data Start: 2024-06-13 17:53:27
Data End: 2024-06-13 18:00:30
Devicename: Multi Water Sampler MWS
IdentNo.: 622

Bottle []
Range1: 0 to 12

Pressure [dbar]
Range1: 0.0 to 3000.0  Cal0: -2.93953E+3  Cal1: 1.37878E-1  Cal2: -1.133042E-6  Cal3: -5.948781E-1  Cal4: 5.712566E-5  Cal5: -5.11527E-10  Cal6: 8.693823E-1  Cal7: 6.172426E-2  Cal8: -4.380532E-9

Temperature [°C] ( averaging = 3 )
Range1: -2.00 to 32.00  Cal0: -2.13158E+0  Cal1: 5.84337E-4  Cal2: 0E+0

Conductivity [mS/cm]
Range1: 0.000 to 65.000  Cal0: -3.33499E-2  Cal1: 1.11275E-3  Cal2: 5.10719E-11

Salinity [PSU] ( averaging = 3 )
Range1: 0.000 to 94.000

Sound Vel. [m/s]
Range1: 1400.00 to 1600.00

Density [kg/m³]
Range1: 900.00 to 1100.00

Spec. Cond. [mS/cm]
Range1: 0.000 to 65.000

Chlorophyll a [µg/l] ( averaging = 3 )
Range1: 0.0000 to 5.0000  Cal0: 0E+0  Cal1: 8.00128E-5
Range2: 0.0000 to 15.0000  Cal2: 0E+0  Cal3: 2.400384E-4
Range3: 0.0000 to 50.0000  Cal4: 0E+0  Cal5: 8.00128E-4
Range4: 0.0000 to 150.0000  Cal6: 0E+0  Cal7: 2.400384E-3

Bottom Alarm []
Range1: 0 to 1

Oxygen [% a.s.] ( averaging = 3 )
Range1: 0.00 to 240.00  Cal0: 2.1698E-2  Cal1: 9.99659E-3  Cal2: -9.99996E+0  Cal3: 9.99922E-4  Cal4: -1.6275E-1  Cal5: 9.90109E-1  Cal6: 2.354367E+1  Cal7: 1E+0  Cal8: 9.094667E-1  Cal9: 5E-5  Cal10: 1.0134E+3

Oxygen [mg/l]
Range1: 0.000 to 35.000

Oxygen [ml/l]
Range1: 0.000 to 24.000

Header Comment

Ship:		
Cruise:		
Station:		
Cast:		
Position:		
Operator:		


Time [hh:mm:ss]	Bottle []	Pressure [dbar]	Temperature [°C]	Conductivity [mS/cm]	Salinity [PSU]	Sound Vel. [m/s]	Density [kg/m³]	Spec. Cond. [mS/cm]	Chlorophyll a [µg/l]	Bottom Alarm []	Oxygen [% a.s.]	Oxygen [mg/l]	Oxygen [ml/l]	Comments  [Index]
17:53:27	0	0.2	14.93	-0.013	0.000	1465.71	999.11	-0.017	0.0558	1	92.39	9.343	6.539	
17:53:28	0	0.3	14.93	-0.013	0.000	1465.71	999.11	-0.017	0.0570	1	92.39	9.343	6.539	
17:53:29	0	0.2	14.93	-0.013	0.000	1465.71	999.11	-0.017	0.0572	1	92.38	9.344	6.539	
17:53:30	0	0.2	14.93	-0.013	0.000	1465.72	999.11	-0.017	0.0588	1	92.34	9.340	6.537	
17:53:31	0	0.3	14.93	-0.013	0.000	1465.72	999.11	-0.017	0.0589	1	92.33	9.340	6.536	
17:53:32	0	0.2	14.94	-0.012	0.000	1465.73	999.11	-0.015	0.0585	1	92.31	9.335	6.533	
17:53:33	0	0.3	14.94	-0.013	0.000	1465.73	999.11	-0.017	0.0579	1	92.35	9.339	6.535	
17:53:34	0	0.3	14.94	-0.013	0.000	1465.73	999.11	-0.017	0.0573	1	92.34	9.340	6.536	
17:53:35	0	0.3	14.94	-0.013	0.000	1465.72	999.11	-0.017	0.0574	1	92.35	9.341	6.538	
17:53:36	0	0.2	14.93	-0.013	0.000	1465.71	999.11	-0.017	0.0567	1	92.33	9.340	6.536	
17:53:37	0	0.3	14.93	-0.013	0.000	1465.70	999.11	-0.017	0.0569	1	92.34	9.341	6.537	
17:53:38	0	0.3	14.93	-0.013	0.000	1465.69	999.11	-0.017	0.0569	1	92.34	9.341	6.537	
17:53:39	0	0.3	14.92	-0.012	0.000	1465.68	999.11	-0.015	0.0570	1	92.34	9.340	6.537	
17:53:40	0	0.3	14.92	-0.013	0.000	1465.67	999.11	-0.017	0.0581	1	92.33	9.340	6.537	
17:53:41	0	0.3	14.92	-0.013	0.000	1465.67	999.11	-0.017	0.0589	1	92.32	9.337	6.535	
17:53:42	0	0.3	14.92	-0.013	0.000	1465.67	999.11	-0.017	0.0597	1	92.33	9.340	6.536	
17:53:43	0	0.2	14.92	-0.013	0.000	1465.66	999.11	-0.017	0.0592	1	92.31	9.337	6.535	
17:53:44	0	0.3	14.91	-0.012	0.000	1465.64	999.12	-0.015	0.0586	1	92.34	9.341	6.537	
17:53:45	0	0.2	14.90	-0.013	0.000	1465.61	999.12	-0.017	0.0588	1	92.36	9.346	6.540	
17:53:46	0	0.2	14.90	-0.012	0.000	1465.58	999.12	-0.015	0.0590	1	92.40	9.348	6.542	
17:53:47	0	0.2	14.89	-0.013	0.000	1465.57	999.12	-0.017	0.0615	1	92.43	9.352	6.545	
17:53:48	0	0.2	14.90	-0.012	0.000	1465.59	999.12	-0.015	0.0612	0	92.37	9.344	6.540	
17:53:49	0	0.2	14.91	-0.013	0.000	1465.64	999.12	-0.017	0.0632	1	92.35	9.343	6.539	
17:53:50	0	0.2	14.98	-0.013	0.000	1465.87	999.11	-0.017	0.0594	1	92.35	9.339	6.536	
17:53:51	0	0.2	15.09	-0.013	0.000	1466.25	999.09	-0.017	0.0614	1	92.35	9.334	6.532	
17:53:52	0	0.2	15.23	-0.013	0.000	1466.76	999.07	-0.017	0.0545	1	92.45	9.334	6.532	
17:53:53	0	0.3	15.34	-0.013	0.000	1467.12	999.05	-0.017	0.0482	1	92.41	9.322	6.524	
17:53:54	0	0.2	15.39	-0.012	0.000	1467.31	999.04	-0.015	0.0453	1	92.39	9.317	6.520	
17:53:55	0	0.2	15.39	-0.012	0.000	1467.32	999.04	-0.015	0.0505	1	92.29	9.309	6.515	
17:53:56	0	0.2	15.38	-0.013	0.000	1467.27	999.04	-0.016	0.0561	1	92.28	9.308	6.514	
17:53:57	0	0.2	15.40	-0.013	0.000	1467.33	999.04	-0.016	0.0582	1	92.31	9.310	6.515	
17:53:58	0	0.3	15.41	-0.013	0.000	1467.39	999.04	-0.016	0.0488	1	92.25	9.303	6.510	
17:53:59	0	0.2	15.42	-0.013	0.000	1467.40	999.04	-0.016	0.0461	1	92.25	9.310	6.515	
17:54:00	0	0.2	15.33	-0.013	0.000	1467.11	999.05	-0.017	0.0851	1	92.27	9.314	6.519	
17:54:01	0	0.2	15.15	-0.013	0.000	1466.47	999.08	-0.017	0.0973	1	92.30	9.335	6.533	
17:54:02	0	0.3	14.91	-0.012	0.000	1465.64	999.12	-0.015	0.1258	1	92.35	9.359	6.550	
17:54:03	0	0.2	14.67	-0.013	0.000	1464.78	999.15	-0.017	0.0709	1	92.42	9.383	6.567	
17:54:04	0	0.2	14.48	-0.013	0.000	1464.13	999.18	-0.017	0.1360	1	92.50	9.402	6.580	
17:54:05	0	0.3	14.36	-0.013	0.000	1463.68	999.20	-0.017	0.1108	1	92.58	9.419	6.592	
17:54:06	0	0.2	14.25	-0.012	0.000	1463.30	999.21	-0.016	0.1254	1	92.60	9.437	6.604	
17:54:07	0	0.2	14.16	-0.013	0.000	1462.98	999.22	-0.017	0.0710	0	92.63	9.452	6.615	
17:54:08	0	0.2	14.05	-0.012	0.000	1462.59	999.24	-0.016	0.1339	0	92.73	9.479	6.634	
17:54:09	0	0.2	13.97	-0.012	0.000	1462.28	999.25	-0.016	0.1300	0	92.71	9.489	6.641	
17:54:10	0	0.2	13.89	-0.013	0.000	1462.01	999.26	-0.017	0.1494	0	92.78	9.515	6.659	
17:54:11	0	0.2	13.85	-0.013	0.000	1461.85	999.27	-0.017	0.0753	0	92.76	9.521	6.663	
17:54:12	0	0.2	13.81	-0.013	0.000	1461.73	999.27	-0.017	0.1535	0	92.86	9.534	6.672	
17:54:13	0	0.2	13.80	-0.012	0.000	1461.67	999.28	-0.016	0.1119	0	92.78	9.539	6.675	
17:54:14	0	0.2	13.78	-0.013	0.000	1461.61	999.28	-0.017	0.1961	0	92.73	9.552	6.685	
17:54:15	0	0.2	13.77	-0.012	0.000	1461.56	999.28	-0.016	0.1695	0	92.61	9.551	6.684	
17:54:16	0	0.2	13.76	-0.012	0.000	1461.55	999.28	-0.016	0.2143	0	92.67	9.559	6.690	
17:54:17	0	0.2	13.75	-0.013	0.000	1461.51	999.28	-0.017	0.1716	0	92.81	9.581	6.705	
17:54:18	0	0.4	13.50	9.682	2.381	1463.46	1001.16	12.575	0.2008	0	94.00	9.709	6.795	
17:54:19	0	0.9	13.23	9.689	4.780	1465.39	1003.05	12.671	0.3647	0	96.12	9.834	6.882	
17:54:20	0	0.7	12.98	9.670	7.190	1467.34	1004.95	12.730	0.6713	0	98.43	9.916	6.940	
17:54:21	0	1.3	12.97	9.682	7.223	1467.35	1004.98	12.748	0.9474	0	100.00	10.078	7.053	
17:54:22	0	1.5	12.97	9.689	7.239	1467.36	1004.99	12.759	1.1314	0	101.27	10.204	7.141	
17:54:23	0	1.6	12.97	9.689	7.245	1467.37	1004.99	12.759	1.2052	0	102.51	10.328	7.228	
17:54:24	0	1.5	12.97	9.690	7.248	1467.38	1005.00	12.760	1.2641	0	103.54	10.429	7.299	
17:54:25	0	1.5	12.98	9.687	7.247	1467.41	1004.99	12.752	1.2729	0	103.78	10.453	7.315	
17:54:26	0	1.3	12.99	9.682	7.243	1467.42	1004.99	12.743	1.2879	0	103.42	10.410	7.285	
17:54:27	0	1.7	12.99	9.683	7.240	1467.45	1004.99	12.742	1.2562	0	102.83	10.355	7.247	
17:54:28	0	2.2	12.99	9.679	7.237	1467.43	1004.99	12.740	1.2648	0	102.54	10.329	7.229	
17:54:29	0	2.4	12.99	9.684	7.238	1467.43	1004.99	12.747	1.2672	0	102.97	10.376	7.262	
17:54:30	0	2.5	12.98	9.687	7.240	1467.41	1004.99	12.753	1.3252	0	103.96	10.473	7.329	
17:54:31	0	3.0	12.98	9.677	7.240	1467.41	1005.00	12.741	1.3908	0	104.99	10.578	7.403	
17:54:32	0	3.6	12.97	9.669	7.237	1467.40	1005.00	12.732	1.4536	0	105.92	10.675	7.471	
17:54:33	0	4.1	12.97	9.665	7.232	1467.38	1005.00	12.729	1.5526	0	107.10	10.796	7.556	
17:54:34	0	4.7	12.96	9.665	7.230	1467.37	1005.00	12.730	1.7013	0	108.29	10.915	7.639	
17:54:35	0	5.3	12.96	9.666	7.230	1467.36	1005.00	12.733	1.9067	0	109.65	11.055	7.737	
17:54:36	0	5.9	12.96	9.665	7.230	1467.37	1005.01	12.732	2.0994	0	110.73	11.163	7.812	
17:54:37	0	6.4	12.95	9.665	7.231	1467.37	1005.01	12.732	2.3041	0	111.75	11.265	7.883	
17:54:38	0	6.9	12.95	9.665	7.230	1467.38	1005.01	12.732	2.4171	0	112.89	11.381	7.965	
17:54:39	0	7.6	12.95	9.665	7.230	1467.39	1005.01	12.732	2.4596	0	113.87	11.476	8.031	
17:54:40	0	8.3	12.96	9.669	7.231	1467.41	1005.02	12.738	2.4513	0	114.52	11.545	8.079	
17:54:41	0	8.8	12.96	9.666	7.232	1467.42	1005.02	12.733	2.4206	0	113.97	11.490	8.041	
17:54:42	0	9.3	12.96	9.668	7.232	1467.43	1005.02	12.736	2.4715	0	111.85	11.274	7.890	
17:54:43	0	10.0	12.96	9.702	7.240	1467.48	1005.03	12.777	2.4990	0	108.60	10.947	7.661	
17:54:44	0	10.4	13.00	9.751	7.261	1467.62	1005.04	12.831	2.6560	0	105.28	10.591	7.412	
17:54:45	0	10.6	13.04	9.748	7.277	1467.80	1005.05	12.813	2.8070	0	103.00	10.353	7.246	
17:54:46	0	11.1	13.09	9.803	7.296	1468.00	1005.06	12.869	2.9124	0	101.64	10.219	7.152	
17:54:47	0	11.6	13.17	9.900	7.325	1468.36	1005.07	12.967	2.9565	0	100.68	10.079	7.053	
17:54:48	0	12.2	13.42	10.274	7.441	1469.37	1005.13	13.372	3.0750	0	99.91	9.927	6.947	
17:54:49	0	12.8	13.87	10.767	7.646	1471.25	1005.22	13.849	3.1713	0	99.11	9.681	6.775	
17:54:50	0	13.4	14.31	10.874	7.828	1473.02	1005.29	13.830	3.2161	0	98.11	9.510	6.655	
17:54:51	0	14.1	14.59	10.892	7.913	1474.10	1005.32	13.755	3.0797	0	97.04	9.392	6.573	
17:54:52	0	14.8	14.65	10.963	7.911	1474.32	1005.31	13.824	2.9377	0	96.15	9.300	6.509	
17:54:53	0	15.4	14.67	10.980	7.914	1474.40	1005.31	13.838	2.8333	0	95.45	9.228	6.458	
17:54:54	0	16.0	14.69	11.024	7.942	1474.49	1005.33	13.887	2.6146	0	94.95	9.178	6.423	
17:54:55	0	16.5	14.70	11.052	7.962	1474.55	1005.35	13.922	2.4549	0	94.64	9.146	6.401	
17:54:56	0	16.9	14.70	11.104	7.992	1474.62	1005.37	13.983	2.2322	0	94.46	9.122	6.384	
17:54:57	0	17.4	14.72	11.220	8.041	1474.73	1005.41	14.125	2.1013	0	94.28	9.103	6.370	
17:54:58	0	18.0	14.73	11.325	8.110	1474.87	1005.46	14.253	1.9555	0	93.93	9.062	6.342	
17:54:59	0	18.6	14.74	11.422	8.190	1475.02	1005.53	14.370	1.8198	0	93.50	9.011	6.306	
17:55:00	0	19.0	14.76	11.525	8.266	1475.17	1005.58	14.493	1.7446	0	92.89	8.945	6.260	
17:55:01	0	19.5	14.77	11.652	8.348	1475.30	1005.65	14.649	1.6390	0	92.32	8.884	6.217	
17:55:02	0	20.1	14.78	11.843	8.455	1475.48	1005.73	14.886	1.6010	0	91.69	8.816	6.170	
17:55:03	0	20.7	14.79	11.898	8.550	1475.63	1005.80	14.951	1.5725	0	90.95	8.736	6.114	
17:55:04	0	21.2	14.80	11.931	8.621	1475.74	1005.86	14.990	1.5332	0	90.14	8.656	6.058	
17:55:05	0	21.6	14.75	12.034	8.673	1475.65	1005.91	15.137	1.4507	0	89.44	8.592	6.013	
17:55:06	0	22.1	14.66	12.109	8.738	1475.42	1005.98	15.267	1.3752	0	88.84	8.565	5.994	
17:55:07	0	22.6	14.31	11.986	8.789	1474.29	1006.07	15.244	1.4317	0	88.14	8.581	6.006	
17:55:08	0	23.2	13.42	11.417	8.724	1471.06	1006.17	14.860	1.4604	0	86.69	8.717	6.101	
17:55:09	0	23.6	12.43	11.263	8.665	1467.45	1006.27	15.045	1.5412	0	85.34	8.766	6.135	
17:55:10	0	24.1	11.67	11.214	8.657	1464.65	1006.37	15.290	1.5155	0	84.03	8.670	6.067	
17:55:11	0	24.7	11.47	11.225	8.753	1464.04	1006.47	15.388	1.4400	0	83.42	8.631	6.040	
17:55:12	0	25.2	11.45	11.394	8.866	1464.10	1006.56	15.630	1.3119	0	82.80	8.538	5.975	
17:55:13	0	25.7	11.64	12.004	9.092	1465.08	1006.72	16.381	1.1877	0	82.38	8.455	5.917	
17:55:14	0	26.2	12.24	12.995	9.528	1467.81	1006.97	17.449	1.2705	0	82.39	8.224	5.755	
17:55:15	0	26.7	12.82	13.152	9.905	1470.37	1007.18	17.389	1.3746	0	82.62	8.132	5.691	
17:55:16	0	27.1	13.48	13.533	10.171	1473.06	1007.29	17.585	1.5371	0	83.29	8.081	5.656	
17:55:17	0	27.7	13.87	13.921	10.280	1474.56	1007.31	17.908	1.6082	0	83.88	8.086	5.659	
17:55:18	0	28.2	14.23	14.072	10.405	1475.99	1007.35	17.935	1.6203	0	84.50	8.105	5.672	
17:55:19	0	28.9	14.40	14.383	10.553	1476.74	1007.44	18.254	1.6627	0	84.79	8.099	5.668	
17:55:20	0	29.4	14.48	14.384	10.622	1477.13	1007.48	18.215	1.5947	0	84.99	8.095	5.665	
17:55:21	0	30.0	14.48	14.302	10.661	1477.16	1007.52	18.114	1.6189	0	85.05	8.116	5.680	
17:55:22	0	30.6	14.07	13.995	10.587	1475.68	1007.53	17.911	1.5672	0	84.70	8.223	5.755	
17:55:23	0	31.2	13.70	14.401	10.664	1474.47	1007.65	18.608	1.5720	0	84.11	8.236	5.764	
17:55:24	0	31.8	13.39	14.474	10.812	1473.59	1007.82	18.850	1.5293	0	83.42	8.101	5.669	
17:55:25	0	32.3	13.10	13.974	10.895	1472.65	1007.93	18.339	1.5052	0	82.39	8.130	5.690	
17:55:26	0	32.8	12.58	14.523	11.037	1470.98	1008.12	19.321	1.4775	0	81.10	8.199	5.738	
17:55:27	0	33.4	12.32	15.240	11.360	1470.42	1008.41	20.417	1.5141	0	79.66	7.872	5.509	
17:55:28	0	34.0	12.35	15.581	11.888	1471.15	1008.81	20.859	1.5526	0	78.81	7.798	5.457	
17:55:29	0	34.5	12.75	16.532	12.439	1473.27	1009.18	21.896	1.5436	0	78.44	7.668	5.366	
17:55:30	0	35.2	12.61	16.459	12.755	1473.15	1009.45	21.880	1.4819	0	78.18	7.631	5.340	
17:55:31	0	35.8	12.18	16.933	13.163	1472.08	1009.83	22.772	1.4955	0	77.03	7.816	5.470	
17:55:32	0	36.3	11.85	18.605	13.876	1471.74	1010.43	25.243	1.4375	0	75.33	7.456	5.218	
17:55:33	0	36.8	12.10	19.410	14.796	1473.76	1011.11	26.156	1.1969	0	73.77	7.119	4.982	
17:55:34	0	37.4	12.80	20.022	15.610	1477.24	1011.63	26.481	0.7953	0	73.87	7.029	4.919	
17:55:35	0	38.0	13.43	21.046	16.100	1480.02	1011.91	27.383	0.5047	0	74.94	7.033	4.922	
17:55:36	0	38.6	13.85	21.666	16.504	1481.96	1012.15	27.885	0.3703	0	76.58	7.095	4.965	
17:55:37	0	39.1	14.14	21.903	16.852	1483.36	1012.37	27.984	0.3016	0	77.90	7.202	5.040	
17:55:38	0	39.7	14.18	21.952	17.001	1483.71	1012.47	28.011	0.2733	0	79.12	7.315	5.119	
17:55:39	0	40.3	14.18	21.992	17.045	1483.76	1012.51	28.065	0.2698	0	80.02	7.391	5.172	
17:55:40	0	40.9	14.21	22.008	17.064	1483.87	1012.52	28.067	0.2771	0	80.76	7.453	5.216	
17:55:41	0	41.5	14.23	22.014	17.075	1483.97	1012.53	28.059	0.3137	0	81.24	7.493	5.244	
17:55:42	0	41.9	14.23	22.011	17.072	1484.00	1012.53	28.051	0.3072	0	81.54	7.523	5.265	
17:55:43	0	42.3	14.23	22.034	17.075	1484.00	1012.53	28.080	0.2916	0	81.72	7.540	5.277	
17:55:44	0	42.6	14.24	22.029	17.078	1484.02	1012.54	28.072	0.2445	0	81.83	7.547	5.281	
17:55:45	0	42.9	14.24	22.020	17.080	1484.04	1012.54	28.059	0.2496	0	81.92	7.555	5.287	
17:55:46	0	43.0	14.24	22.016	17.074	1484.04	1012.53	28.051	0.2514	0	81.98	7.562	5.292	
17:55:47	0	43.3	14.24	22.018	17.070	1484.03	1012.53	28.056	0.2532	0	81.98	7.563	5.293	
17:55:48	0	43.5	14.16	21.889	17.044	1483.74	1012.53	27.947	0.2443	0	81.87	7.597	5.317	
17:55:49	0	43.8	13.92	21.706	17.003	1482.88	1012.54	27.883	0.2547	0	81.28	7.616	5.330	
17:55:50	0	44.1	13.47	21.526	16.976	1481.30	1012.60	27.977	0.2712	0	79.90	7.564	5.294	
17:55:51	0	44.2	13.04	21.513	17.035	1479.85	1012.72	28.280	0.2899	1	77.54	7.371	5.158	
17:55:52	0	44.5	12.67	21.302	17.104	1478.65	1012.83	28.273	0.3309	1	74.99	7.159	5.010	
17:55:53	0	44.7	12.40	21.215	17.173	1477.77	1012.93	28.363	0.4137	1	71.95	6.974	4.881	
17:55:54	0	44.7	12.28	21.344	17.239	1477.41	1013.00	28.628	0.4776	1	69.42	6.697	4.687	
17:55:55	0	44.6	12.26	21.418	17.336	1477.47	1013.08	28.741	0.5039	1	67.22	6.464	4.524	
17:55:56	0	44.6	12.42	21.454	17.403	1478.12	1013.10	28.665	0.4689	1	66.24	6.349	4.443	
17:55:57	0	44.6	12.47	21.417	17.395	1478.30	1013.09	28.576	0.4448	1	65.76	6.285	4.399	
17:55:58	0	44.7	12.42	21.410	17.368	1478.06	1013.08	28.610	0.4405	1	65.56	6.299	4.408	
17:55:59	0	44.6	12.10	21.063	17.302	1476.85	1013.08	28.387	0.4706	1	65.13	6.303	4.411	
17:56:00	0	44.6	11.93	21.063	17.281	1476.20	1013.09	28.520	0.4861	0	64.50	6.252	4.376	
17:56:01	0	44.6	11.87	21.186	17.299	1476.01	1013.11	28.732	0.4861	0	63.85	6.174	4.321	
17:56:02	0	44.6	11.92	21.191	17.364	1476.28	1013.15	28.697	0.4527	0	63.48	6.124	4.286	
17:56:03	1	44.6	11.89	21.131	17.391	1476.18	1013.18	28.643	0.4519	0	63.36	6.122	4.285	
17:56:04	1	44.6	11.90	21.289	17.417	1476.27	1013.20	28.846	0.4572	0	63.25	6.112	4.277	
17:56:05	1	44.6	12.09	21.308	17.425	1476.96	1013.17	28.725	0.4836	0	63.21	6.108	4.275	
17:56:06	1	44.7	12.16	21.015	17.349	1477.11	1013.10	28.278	0.4820	0	63.14	6.115	4.280	
17:56:07	1	44.7	12.07	21.031	17.247	1476.67	1013.04	28.369	0.4696	0	63.06	6.128	4.288	
17:56:08	1	44.6	11.93	21.060	17.197	1476.12	1013.02	28.513	0.4625	0	62.92	6.116	4.281	
17:56:09	1	44.6	11.91	21.095	17.259	1476.11	1013.07	28.577	0.4746	0	62.74	6.106	4.273	
17:56:10	1	44.6	11.98	21.058	17.281	1476.39	1013.08	28.473	0.5859	0	62.58	6.090	4.262	
17:56:11	1	44.6	12.07	21.053	17.257	1476.68	1013.05	28.397	0.5912	0	62.41	6.074	4.251	
17:56:12	1	44.6	12.14	21.267	17.273	1476.96	1013.05	28.629	0.5799	0	62.34	6.070	4.248	
17:56:13	1	44.4	12.36	21.369	17.306	1477.80	1013.04	28.595	0.4894	0	62.25	6.015	4.210	
17:56:14	1	44.2	12.51	21.438	17.353	1478.36	1013.05	28.578	0.4806	0	62.44	6.014	4.209	
17:56:15	1	44.1	12.58	21.417	17.330	1478.59	1013.02	28.495	0.4599	0	62.90	6.028	4.219	
17:56:16	1	43.9	12.45	21.360	17.314	1478.12	1013.03	28.515	0.4222	0	63.59	6.095	4.266	
17:56:17	1	43.8	12.35	21.307	17.299	1477.73	1013.03	28.523	0.5099	0	64.24	6.154	4.307	
17:56:18	1	43.5	12.42	21.396	17.317	1478.00	1013.03	28.587	0.5649	0	64.70	6.195	4.336	
17:56:19	1	43.3	12.64	21.408	17.303	1478.75	1012.99	28.439	0.5458	0	65.03	6.212	4.347	
17:56:20	1	43.2	12.87	21.403	17.252	1479.52	1012.91	28.256	0.4244	0	65.24	6.200	4.339	
17:56:21	1	43.1	13.10	21.531	17.189	1480.24	1012.82	28.255	0.3584	0	65.47	6.207	4.344	
17:56:22	1	42.8	13.28	21.612	17.151	1480.83	1012.76	28.226	0.3745	0	65.85	6.221	4.353	
17:56:23	1	42.6	13.51	21.690	17.139	1481.60	1012.71	28.161	0.3551	0	66.64	6.278	4.394	
17:56:24	1	42.5	13.62	21.690	17.108	1481.95	1012.67	28.081	0.3357	0	67.88	6.363	4.453	
17:56:25	1	42.3	13.78	21.768	17.079	1482.45	1012.62	28.067	0.3136	0	69.61	6.487	4.540	
17:56:26	1	42.2	13.91	21.912	17.083	1482.91	1012.60	28.157	0.2963	0	71.27	6.637	4.645	
17:56:27	1	41.9	14.00	21.911	17.090	1483.22	1012.59	28.091	0.2829	0	72.83	6.776	4.742	
17:56:28	1	41.7	13.99	21.910	17.099	1483.20	1012.59	28.094	0.2568	0	74.02	6.876	4.812	
17:56:29	1	41.5	13.97	21.948	17.101	1483.12	1012.60	28.160	0.2651	0	75.05	6.965	4.875	
17:56:30	1	41.4	14.03	21.989	17.119	1483.33	1012.60	28.172	0.2604	0	75.92	7.044	4.930	
17:56:31	1	41.2	14.10	21.962	17.119	1483.57	1012.59	28.086	0.2656	0	76.70	7.106	4.973	
17:56:32	1	41.0	14.17	21.951	17.090	1483.78	1012.55	28.022	0.2713	0	77.46	7.171	5.018	
17:56:33	1	40.9	14.20	21.995	17.067	1483.85	1012.53	28.056	0.2760	0	77.98	7.210	5.046	
17:56:34	1	40.5	14.20	21.987	17.058	1483.86	1012.52	28.041	0.2830	0	78.50	7.258	5.079	
17:56:35	1	40.5	14.21	21.977	17.060	1483.87	1012.52	28.026	0.2774	0	79.03	7.301	5.109	
17:56:36	1	40.4	14.22	21.991	17.056	1483.90	1012.51	28.037	0.2866	0	79.58	7.348	5.142	
17:56:37	1	40.4	14.22	21.980	17.051	1483.91	1012.51	28.020	0.3038	0	80.02	7.386	5.169	
17:56:38	1	40.3	14.22	21.972	17.048	1483.90	1012.51	28.009	0.2947	0	80.29	7.411	5.187	
17:56:39	1	40.4	14.22	21.986	17.046	1483.90	1012.50	28.027	0.2903	0	80.54	7.435	5.203	
17:56:40	1	40.4	14.20	21.971	17.046	1483.83	1012.51	28.024	0.2771	0	80.69	7.453	5.216	
17:56:41	1	40.3	14.17	21.961	17.051	1483.71	1012.52	28.036	0.3213	0	80.78	7.476	5.232	
17:56:42	1	40.3	14.12	21.952	17.057	1483.57	1012.53	28.057	0.3171	0	80.82	7.483	5.237	
17:56:43	2	40.3	14.09	21.936	17.063	1483.45	1012.54	28.061	0.3203	0	80.75	7.483	5.237	
17:56:44	2	40.3	14.06	21.936	17.072	1483.38	1012.55	28.079	0.2922	0	80.62	7.466	5.225	
17:56:45	2	40.4	14.06	21.931	17.075	1483.37	1012.56	28.076	0.2950	0	80.52	7.453	5.216	
17:56:46	2	40.4	14.07	21.933	17.077	1483.42	1012.56	28.068	0.2953	0	80.49	7.449	5.213	
17:56:47	2	40.3	14.08	21.928	17.072	1483.44	1012.55	28.055	0.2772	0	80.47	7.447	5.212	
17:56:48	2	40.4	14.07	21.938	17.071	1483.41	1012.55	28.074	0.2858	0	80.45	7.447	5.212	
17:56:49	2	40.4	14.06	21.938	17.074	1483.38	1012.56	28.082	0.2777	0	80.42	7.445	5.210	
17:56:50	2	40.2	14.06	21.959	17.085	1483.40	1012.56	28.106	0.2895	0	80.47	7.450	5.214	
17:56:51	2	40.0	14.09	21.961	17.089	1483.51	1012.56	28.087	0.2757	0	80.50	7.450	5.214	
17:56:52	2	39.7	14.12	21.972	17.089	1483.60	1012.55	28.081	0.2927	0	80.60	7.454	5.217	
17:56:53	2	39.5	14.16	21.973	17.079	1483.71	1012.54	28.055	0.3038	0	80.70	7.460	5.221	
17:56:54	2	39.2	14.18	21.970	17.069	1483.77	1012.53	28.037	0.3243	0	80.79	7.466	5.225	
17:56:55	2	38.9	14.19	21.963	17.057	1483.78	1012.51	28.021	0.3100	0	80.91	7.474	5.230	
17:56:56	2	38.5	14.18	21.931	17.042	1483.72	1012.50	27.987	0.2940	0	81.01	7.485	5.238	
17:56:57	2	38.2	14.17	21.833	17.005	1483.63	1012.47	27.871	0.2759	0	81.12	7.498	5.248	
17:56:58	2	37.9	14.16	21.765	16.953	1483.55	1012.43	27.787	0.2658	0	81.16	7.504	5.252	
17:56:59	2	37.6	14.18	21.575	16.853	1483.48	1012.35	27.535	0.2617	0	81.19	7.511	5.257	
17:57:00	2	37.2	14.17	20.628	16.513	1483.05	1012.09	26.332	0.2600	0	81.18	7.524	5.265	
17:57:01	2	36.8	14.06	20.043	16.043	1482.12	1011.75	25.657	0.2782	0	81.09	7.546	5.281	
17:57:02	2	36.5	13.84	19.938	15.627	1480.88	1011.46	25.665	0.2856	0	80.87	7.579	5.304	
17:57:03	2	36.2	13.52	19.423	15.374	1479.46	1011.32	25.212	0.3022	0	80.52	7.597	5.317	
17:57:04	2	36.0	13.20	19.146	15.233	1478.19	1011.27	25.056	0.3270	0	79.88	7.623	5.335	
17:57:05	2	36.1	13.08	19.718	15.274	1477.78	1011.32	25.894	0.3504	0	79.12	7.554	5.287	
17:57:06	2	36.1	13.14	19.714	15.408	1478.17	1011.41	25.843	0.3486	0	78.42	7.443	5.209	
17:57:07	2	36.0	13.30	19.773	15.574	1478.94	1011.51	25.811	0.3389	0	78.09	7.383	5.167	
17:57:08	2	35.9	13.41	19.844	15.564	1479.30	1011.49	25.832	0.3397	0	77.96	7.354	5.147	
17:57:09	2	36.0	13.52	20.397	15.708	1479.84	1011.58	26.477	0.3421	0	77.97	7.330	5.130	
17:57:10	3	36.0	13.64	20.407	15.843	1480.41	1011.66	26.409	0.3302	0	78.01	7.331	5.130	
17:57:11	3	35.8	13.72	20.420	15.964	1480.85	1011.74	26.365	0.3210	0	78.08	7.329	5.129	
17:57:12	3	36.0	13.74	20.433	15.943	1480.89	1011.72	26.370	0.3179	0	78.13	7.335	5.133	
17:57:13	3	36.0	13.75	20.525	15.962	1480.93	1011.74	26.487	0.3288	0	78.20	7.339	5.136	
17:57:14	3	36.0	13.76	20.477	15.974	1480.98	1011.74	26.418	0.3344	0	78.36	7.337	5.135	
17:57:15	3	36.0	13.77	20.446	15.974	1481.02	1011.74	26.369	0.3354	0	78.53	7.337	5.134	
17:57:16	3	36.0	13.76	20.470	15.957	1480.96	1011.73	26.408	0.3313	0	78.71	7.356	5.148	
17:57:17	3	35.7	13.68	20.003	15.832	1480.55	1011.65	25.855	0.3429	0	78.68	7.392	5.173	
17:57:18	3	35.4	13.25	18.164	15.253	1478.34	1011.27	23.746	0.4099	0	78.48	7.425	5.197	
17:57:19	3	35.2	12.63	17.434	14.533	1475.30	1010.82	23.167	0.4965	0	78.24	7.578	5.304	
17:57:20	3	34.8	12.01	17.175	13.936	1472.38	1010.45	23.201	0.7029	0	77.50	7.626	5.337	
17:57:21	3	34.4	12.13	17.030	13.747	1472.57	1010.28	22.934	1.0139	0	76.51	7.558	5.289	
17:57:22	3	34.0	12.50	16.301	13.438	1473.52	1009.99	21.737	1.2392	0	75.45	7.405	5.182	
17:57:23	3	33.7	12.84	16.106	13.035	1474.27	1009.62	21.282	1.3312	0	74.97	7.320	5.123	
17:57:24	3	33.4	12.80	15.664	12.567	1473.57	1009.27	20.720	1.3208	0	74.91	7.324	5.126	
17:57:25	3	33.0	12.68	15.706	12.377	1472.90	1009.14	20.842	1.4190	0	75.02	7.361	5.152	
17:57:26	3	32.6	12.62	15.429	12.209	1472.50	1009.01	20.505	1.5272	0	75.24	7.400	5.179	
17:57:27	3	32.3	12.59	15.191	12.098	1472.24	1008.93	20.207	1.6472	0	75.61	7.445	5.210	
17:57:28	3	31.9	12.43	14.676	11.833	1471.33	1008.75	19.607	1.7097	0	75.94	7.493	5.244	
17:57:29	3	31.6	12.24	14.551	11.623	1470.41	1008.61	19.536	1.7549	0	76.25	7.570	5.298	
17:57:30	3	31.2	12.11	14.322	11.425	1469.68	1008.48	19.298	1.7152	0	76.36	7.609	5.325	
17:57:31	3	30.9	12.30	14.395	11.358	1470.31	1008.40	19.295	1.6598	0	76.49	7.626	5.337	
17:57:32	3	30.7	12.72	14.425	11.275	1471.71	1008.27	19.122	1.6222	0	76.58	7.581	5.306	
17:57:33	3	30.3	13.07	14.400	11.201	1472.89	1008.16	18.910	1.5903	0	76.88	7.571	5.299	
17:57:34	3	29.9	13.25	14.197	11.054	1473.33	1008.02	18.558	1.5681	0	77.30	7.573	5.300	
17:57:35	3	29.6	13.25	14.188	10.937	1473.18	1007.93	18.547	1.5476	0	77.78	7.617	5.331	
17:57:36	3	29.3	13.31	14.184	10.855	1473.28	1007.85	18.514	1.5529	0	78.35	7.670	5.368	
17:57:37	3	29.0	13.52	14.271	10.849	1474.04	1007.81	18.522	1.6125	0	78.85	7.704	5.392	
17:57:38	3	28.7	13.79	14.293	10.827	1474.95	1007.75	18.423	1.6464	0	79.33	7.715	5.399	
17:57:39	3	28.2	14.10	14.324	10.791	1475.99	1007.67	18.316	1.6441	0	79.65	7.712	5.397	
17:57:40	3	27.9	14.28	14.291	10.727	1476.53	1007.59	18.190	1.6020	0	80.17	7.706	5.393	
17:57:41	3	27.5	14.39	14.264	10.664	1476.82	1007.52	18.107	1.6264	0	80.91	7.754	5.427	
17:57:42	3	27.3	14.39	14.222	10.610	1476.75	1007.48	18.054	1.6616	0	81.76	7.827	5.478	
17:57:43	3	26.9	14.37	14.009	10.526	1476.60	1007.42	17.790	1.6843	0	82.37	7.892	5.523	
17:57:44	3	26.6	14.28	13.671	10.377	1476.08	1007.32	17.404	1.6719	0	82.84	7.960	5.571	
17:57:45	3	26.2	14.16	13.672	10.250	1475.54	1007.24	17.455	1.6723	0	83.09	8.015	5.609	
17:57:46	3	25.9	13.96	13.678	10.197	1474.76	1007.23	17.554	1.7289	0	83.32	8.055	5.637	
17:57:47	3	25.6	13.86	13.183	10.102	1474.29	1007.17	16.964	1.7468	0	83.44	8.080	5.655	
17:57:48	3	25.3	13.66	12.959	9.953	1473.42	1007.08	16.760	1.7309	0	83.58	8.124	5.685	
17:57:49	3	24.8	13.33	12.260	9.621	1471.84	1006.88	15.994	1.7013	0	83.54	8.198	5.737	
17:57:50	3	24.5	12.74	11.913	9.367	1469.44	1006.77	15.782	1.6475	0	83.42	8.266	5.785	
17:57:51	3	24.1	12.29	11.621	9.112	1467.47	1006.64	15.582	1.6375	0	82.98	8.337	5.834	
17:57:52	3	23.8	11.89	11.488	9.014	1465.88	1006.61	15.571	1.5722	0	82.77	8.387	5.870	
17:57:53	3	23.4	11.75	11.435	8.960	1465.29	1006.59	15.558	1.5097	0	82.37	8.435	5.903	
17:57:54	3	23.0	11.60	11.377	8.947	1464.71	1006.60	15.542	1.4428	0	82.25	8.428	5.898	
17:57:55	3	22.7	11.61	11.325	8.923	1464.73	1006.57	15.467	1.4137	0	81.95	8.405	5.882	
17:57:56	3	22.7	11.61	11.296	8.895	1464.67	1006.55	15.430	1.4253	0	81.80	8.409	5.885	
17:57:57	3	22.7	11.60	11.355	8.889	1464.65	1006.55	15.512	1.4216	0	81.67	8.392	5.873	
17:57:58	3	22.8	11.61	11.349	8.896	1464.69	1006.55	15.499	1.4011	0	81.66	8.391	5.872	
17:57:59	3	22.8	11.60	11.344	8.909	1464.68	1006.57	15.496	1.3829	0	81.72	8.397	5.876	
17:58:00	3	22.7	11.58	11.340	8.906	1464.61	1006.57	15.498	1.3804	0	81.74	8.406	5.883	
17:58:01	3	22.7	11.56	11.296	8.896	1464.50	1006.56	15.449	1.3424	0	81.72	8.407	5.883	
17:58:02	4	22.7	11.56	11.412	8.918	1464.54	1006.58	15.606	1.3213	0	81.69	8.397	5.877	
17:58:03	4	22.7	11.59	11.465	8.953	1464.69	1006.60	15.666	1.3327	0	81.66	8.380	5.865	
17:58:04	4	22.7	11.62	11.610	9.037	1464.91	1006.66	15.851	1.4237	0	81.61	8.370	5.858	
17:58:05	4	22.7	11.65	11.651	9.097	1465.07	1006.71	15.896	1.4580	0	81.58	8.352	5.845	
17:58:06	4	22.7	11.66	11.610	9.133	1465.17	1006.73	15.834	1.5275	0	81.59	8.345	5.840	
17:58:07	4	22.7	11.69	11.541	9.108	1465.25	1006.71	15.727	1.5777	0	81.62	8.357	5.849	
17:58:08	4	22.7	11.83	11.457	9.038	1465.68	1006.64	15.554	1.6614	0	81.60	8.364	5.854	
17:58:09	4	22.7	11.93	11.455	8.973	1465.97	1006.57	15.508	1.6763	0	81.62	8.350	5.844	
17:58:10	4	22.7	12.03	11.500	8.934	1466.28	1006.53	15.530	1.6970	0	81.61	8.347	5.842	
17:58:11	4	22.6	12.07	11.443	8.912	1466.39	1006.51	15.437	1.7112	0	81.62	8.334	5.832	
17:58:12	4	22.4	12.04	11.377	8.881	1466.27	1006.48	15.356	1.6846	0	81.63	8.326	5.827	
17:58:13	4	22.1	12.14	11.651	8.914	1466.67	1006.49	15.684	1.6522	0	81.66	8.340	5.836	
17:58:14	4	21.8	12.64	11.946	9.008	1468.59	1006.49	15.868	1.6356	0	81.75	8.290	5.802	
17:58:15	4	21.5	13.34	11.975	9.071	1471.18	1006.44	15.616	1.6764	0	82.20	8.190	5.732	
17:58:16	4	21.2	13.99	12.034	9.031	1473.43	1006.30	15.431	1.7562	0	82.70	8.140	5.696	
17:58:17	4	20.8	14.24	12.036	8.930	1474.16	1006.19	15.337	1.8053	0	83.37	8.119	5.682	
17:58:18	4	20.5	14.43	12.029	8.861	1474.76	1006.10	15.252	1.8436	0	83.69	8.110	5.675	
17:58:19	4	20.1	14.58	12.019	8.813	1475.19	1006.04	15.185	1.8092	0	84.07	8.122	5.684	
17:58:20	4	19.7	14.68	11.981	8.765	1475.50	1005.98	15.096	1.8209	0	84.32	8.134	5.693	
17:58:21	4	19.4	14.71	11.926	8.717	1475.54	1005.94	15.014	1.8083	0	84.65	8.155	5.707	
17:58:22	4	19.1	14.73	11.881	8.669	1475.55	1005.90	14.951	1.8341	0	84.91	8.175	5.721	
17:58:23	4	18.7	14.74	11.829	8.625	1475.50	1005.86	14.884	1.8234	0	85.17	8.195	5.735	
17:58:24	4	18.3	14.75	11.776	8.584	1475.48	1005.83	14.814	1.8469	0	85.38	8.217	5.751	
17:58:25	4	17.9	14.75	11.747	8.548	1475.44	1005.80	14.777	1.8914	0	85.67	8.246	5.771	
17:58:26	4	17.6	14.75	11.766	8.531	1475.43	1005.78	14.799	1.9151	0	85.95	8.274	5.790	
17:58:27	4	17.3	14.76	11.743	8.521	1475.44	1005.77	14.768	1.9887	0	86.17	8.291	5.803	
17:58:28	4	16.9	14.76	11.489	8.453	1475.36	1005.72	14.448	2.0177	0	86.30	8.308	5.814	
17:58:29	4	16.6	14.76	11.453	8.371	1475.25	1005.65	14.403	2.1059	0	86.50	8.330	5.830	
17:58:30	4	16.3	14.76	11.478	8.302	1475.15	1005.60	14.435	2.1027	0	86.76	8.358	5.849	
17:58:31	4	16.0	14.75	11.390	8.277	1475.10	1005.58	14.327	2.1506	0	87.10	8.393	5.874	
17:58:32	4	15.6	14.74	11.139	8.197	1474.96	1005.52	14.016	2.1725	0	87.52	8.441	5.907	
17:58:33	4	15.3	14.72	11.104	8.102	1474.79	1005.45	13.976	2.2523	0	87.94	8.487	5.940	
17:58:34	4	14.8	14.71	11.061	8.019	1474.63	1005.38	13.929	2.2890	0	88.50	8.547	5.981	
17:58:35	4	14.8	14.70	11.073	8.005	1474.58	1005.37	13.946	2.3451	0	89.15	8.614	6.028	
17:58:36	4	15.0	14.69	11.059	7.995	1474.56	1005.37	13.930	2.4392	0	90.00	8.694	6.084	
17:58:37	4	14.9	14.69	11.081	8.001	1474.57	1005.37	13.958	2.5077	0	90.64	8.757	6.128	
17:58:38	4	14.8	14.70	11.088	8.005	1474.57	1005.37	13.966	2.5957	0	91.04	8.794	6.154	
17:58:39	4	14.8	14.70	11.081	8.011	1474.58	1005.38	13.958	2.5924	0	91.25	8.815	6.169	
17:58:40	4	14.8	14.70	11.058	8.005	1474.58	1005.37	13.928	2.5628	0	91.47	8.840	6.186	
17:58:41	4	14.8	14.69	11.025	7.988	1474.55	1005.36	13.887	2.5332	0	91.61	8.854	6.196	
17:58:42	5	14.8	14.69	11.032	7.976	1474.52	1005.35	13.899	2.5536	0	91.69	8.861	6.201	
17:58:43	5	14.8	14.68	11.009	7.964	1474.49	1005.34	13.871	2.6780	0	91.77	8.872	6.209	
17:58:44	5	14.8	14.68	11.002	7.959	1474.48	1005.34	13.863	2.7720	0	91.87	8.882	6.216	
17:58:45	5	14.8	14.68	11.003	7.952	1474.47	1005.34	13.864	2.8606	0	91.93	8.888	6.220	
17:58:46	5	14.8	14.68	10.993	7.948	1474.46	1005.33	13.852	2.8594	0	91.94	8.888	6.220	
17:58:47	5	14.8	14.68	10.992	7.946	1474.46	1005.33	13.850	2.8517	0	91.98	8.893	6.224	
17:58:48	5	14.8	14.68	10.987	7.941	1474.45	1005.33	13.844	2.8316	0	92.06	8.900	6.229	
17:58:49	5	14.8	14.68	10.970	7.935	1474.44	1005.32	13.823	2.8363	0	92.18	8.913	6.238	
17:58:50	5	14.7	14.68	10.961	7.928	1474.43	1005.32	13.812	2.8741	0	92.25	8.920	6.242	
17:58:51	5	14.7	14.68	10.966	7.922	1474.41	1005.31	13.818	2.8764	0	92.29	8.927	6.247	
17:58:52	5	14.8	14.68	10.966	7.921	1474.41	1005.31	13.818	2.9211	0	92.33	8.927	6.248	
17:58:53	6	14.7	14.68	10.960	7.921	1474.41	1005.31	13.812	2.9427	0	92.40	8.935	6.253	
17:58:54	6	14.7	14.68	10.959	7.920	1474.41	1005.31	13.810	2.9653	0	92.47	8.943	6.258	
17:58:55	6	14.8	14.68	10.960	7.918	1474.41	1005.31	13.811	2.9380	0	92.53	8.948	6.262	
17:58:56	6	14.8	14.68	10.957	7.917	1474.41	1005.31	13.807	2.9726	0	92.56	8.950	6.264	
17:58:57	6	14.8	14.68	10.951	7.915	1474.41	1005.31	13.800	2.9994	0	92.57	8.951	6.264	
17:58:58	6	14.8	14.68	10.950	7.912	1474.41	1005.31	13.798	3.0934	0	92.58	8.951	6.264	
17:58:59	6	14.8	14.68	10.949	7.910	1474.40	1005.30	13.797	3.0775	0	92.61	8.957	6.268	
17:59:00	6	14.8	14.68	10.948	7.909	1474.40	1005.30	13.796	3.1080	0	92.62	8.957	6.268	
17:59:01	6	14.8	14.68	10.946	7.908	1474.40	1005.30	13.793	3.0505	0	92.64	8.958	6.269	
17:59:02	6	14.8	14.68	10.946	7.907	1474.40	1005.30	13.793	2.9953	0	92.63	8.955	6.267	
17:59:03	6	14.7	14.68	10.946	7.907	1474.40	1005.30	13.793	2.9687	0	92.64	8.958	6.269	
17:59:04	6	14.7	14.68	10.943	7.906	1474.40	1005.30	13.790	2.9975	0	92.65	8.960	6.270	
17:59:05	6	14.4	14.68	10.933	7.903	1474.38	1005.30	13.778	3.0086	0	92.69	8.966	6.275	
17:59:06	6	13.8	14.67	10.913	7.895	1474.34	1005.29	13.755	3.0155	0	92.76	8.973	6.280	
17:59:07	6	13.3	14.66	10.907	7.887	1474.29	1005.28	13.749	2.9848	0	92.80	8.978	6.283	
17:59:08	6	12.6	14.59	10.741	7.843	1473.96	1005.26	13.566	3.1228	0	92.89	8.994	6.294	
17:59:09	6	12.0	14.41	10.427	7.734	1473.21	1005.20	13.229	3.1977	0	92.93	9.060	6.341	
17:59:10	6	11.3	14.10	10.089	7.557	1471.91	1005.11	12.902	3.3018	0	92.97	9.116	6.380	
17:59:11	6	10.8	13.76	9.987	7.413	1470.54	1005.05	12.883	3.3303	0	93.04	9.216	6.450	
17:59:12	6	10.2	13.46	9.889	7.333	1469.37	1005.03	12.856	3.3014	0	93.22	9.296	6.505	
17:59:13	6	9.7	13.28	9.811	7.311	1468.69	1005.04	12.815	3.2468	0	93.47	9.344	6.539	
17:59:14	6	9.1	13.18	9.771	7.291	1468.29	1005.03	12.797	3.1707	0	93.82	9.406	6.582	
17:59:15	6	8.7	13.12	9.763	7.279	1468.07	1005.03	12.805	3.0977	0	94.10	9.447	6.612	
17:59:16	6	8.3	13.08	9.766	7.280	1467.90	1005.04	12.825	3.0486	0	94.37	9.488	6.640	
17:59:17	6	7.8	13.03	9.712	7.273	1467.74	1005.04	12.767	2.9106	0	94.61	9.512	6.657	
17:59:18	6	7.2	13.00	9.670	7.256	1467.59	1005.02	12.723	2.8869	0	94.84	9.544	6.679	
17:59:19	6	6.5	12.97	9.671	7.237	1467.45	1005.01	12.734	2.7748	0	95.09	9.578	6.703	
17:59:20	6	6.1	12.96	9.676	7.232	1467.39	1005.01	12.745	2.7421	0	95.15	9.588	6.710	
17:59:21	6	5.8	12.95	9.673	7.236	1467.37	1005.01	12.742	2.6605	0	95.25	9.602	6.720	
17:59:22	6	5.4	12.95	9.667	7.236	1467.36	1005.01	12.736	2.5991	0	95.32	9.609	6.725	
17:59:23	6	4.9	12.95	9.664	7.233	1467.34	1005.00	12.731	2.5186	0	95.44	9.619	6.732	
17:59:24	6	4.3	12.95	9.663	7.231	1467.33	1005.00	12.730	2.4380	0	95.50	9.624	6.735	
17:59:25	6	3.9	12.96	9.660	7.229	1467.33	1004.99	12.726	2.4110	0	95.50	9.625	6.736	
17:59:26	6	3.4	12.96	9.660	7.227	1467.33	1004.99	12.725	2.2897	0	95.40	9.615	6.729	
17:59:27	6	3.2	12.96	9.659	7.226	1467.32	1004.99	12.724	2.1224	0	95.39	9.614	6.729	
17:59:28	6	3.2	12.95	9.660	7.227	1467.31	1004.99	12.727	1.9114	0	95.43	9.618	6.731	
17:59:29	6	3.1	12.95	9.663	7.228	1467.31	1004.99	12.730	1.7872	0	95.50	9.626	6.737	
17:59:30	6	3.1	12.95	9.665	7.229	1467.31	1004.99	12.733	1.7136	0	95.56	9.632	6.741	
17:59:31	6	3.1	12.95	9.660	7.229	1467.31	1004.99	12.727	1.7335	0	95.57	9.633	6.741	
17:59:32	6	3.3	12.95	9.663	7.229	1467.31	1004.99	12.730	1.7082	0	95.60	9.637	6.744	
17:59:33	6	3.2	12.95	9.660	7.228	1467.30	1004.99	12.727	1.7182	0	95.62	9.640	6.746	
17:59:34	6	3.1	12.95	9.660	7.228	1467.31	1004.99	12.727	1.6961	0	95.63	9.640	6.747	
17:59:35	6	3.0	12.95	9.660	7.228	1467.31	1004.99	12.727	1.7212	0	95.64	9.639	6.746	
17:59:36	7	3.1	12.95	9.660	7.227	1467.31	1004.99	12.727	1.7018	0	95.62	9.638	6.745	
17:59:37	7	3.3	12.95	9.660	7.227	1467.32	1004.99	12.726	1.6821	0	95.62	9.639	6.746	
17:59:38	7	3.2	12.96	9.659	7.227	1467.33	1004.99	12.724	1.6504	0	95.67	9.645	6.750	
17:59:39	7	3.1	12.96	9.660	7.226	1467.34	1004.99	12.724	1.6464	0	95.64	9.640	6.747	
17:59:40	7	3.1	12.97	9.661	7.226	1467.36	1004.99	12.724	1.5709	0	95.64	9.638	6.745	
17:59:41	8	3.3	12.97	9.661	7.225	1467.37	1004.99	12.722	1.5289	0	95.60	9.633	6.742	
17:59:42	8	3.2	12.97	9.659	7.225	1467.37	1004.99	12.719	1.4925	0	95.61	9.635	6.743	
17:59:43	8	3.1	12.97	9.660	7.224	1467.37	1004.99	12.720	1.5162	0	95.64	9.636	6.744	
17:59:44	8	3.2	12.97	9.660	7.224	1467.37	1004.99	12.720	1.5308	0	95.64	9.635	6.743	
17:59:45	9	3.0	12.97	9.660	7.224	1467.38	1004.98	12.720	1.4949	0	95.67	9.640	6.746	
17:59:46	9	3.1	12.97	9.659	7.223	1467.38	1004.98	12.719	1.4320	0	95.63	9.636	6.743	
17:59:47	9	3.3	12.97	9.660	7.223	1467.38	1004.99	12.720	1.3993	0	95.64	9.638	6.745	
17:59:48	9	3.2	12.97	9.659	7.223	1467.38	1004.98	12.718	1.4056	0	95.59	9.632	6.741	
17:59:49	9	3.0	12.97	9.661	7.224	1467.38	1004.98	12.722	1.4588	0	95.62	9.635	6.743	
17:59:50	10	3.1	12.97	9.660	7.224	1467.37	1004.98	12.720	1.4690	0	95.62	9.635	6.743	
17:59:51	10	3.2	12.97	9.660	7.224	1467.37	1004.99	12.721	1.4766	0	95.65	9.639	6.746	
17:59:52	10	3.3	12.97	9.661	7.225	1467.36	1004.99	12.723	1.5051	0	95.65	9.638	6.745	
17:59:53	10	3.2	12.96	9.659	7.225	1467.34	1004.99	12.723	1.5433	0	95.65	9.641	6.747	
17:59:54	11	3.1	12.96	9.659	7.226	1467.32	1004.99	12.725	1.5952	0	95.63	9.642	6.748	
17:59:55	11	3.2	12.96	9.659	7.226	1467.32	1004.99	12.724	1.5938	0	95.62	9.638	6.745	
17:59:56	11	3.2	12.96	9.659	7.226	1467.33	1004.99	12.723	1.5814	0	95.63	9.640	6.747	
17:59:57	11	3.2	12.96	9.659	7.226	1467.34	1004.99	12.723	1.5809	0	95.65	9.640	6.747	
17:59:58	12	3.2	12.96	9.658	7.225	1467.33	1004.99	12.722	1.5878	0	95.64	9.639	6.746	
17:59:59	12	3.1	12.96	9.659	7.225	1467.33	1004.99	12.723	1.6063	0	95.61	9.637	6.745	
18:00:00	12	3.2	12.96	9.658	7.225	1467.34	1004.99	12.721	1.5616	0	95.61	9.636	6.744	
18:00:01	12	3.3	12.96	9.659	7.225	1467.34	1004.99	12.722	1.5363	0	95.61	9.637	6.744	
18:00:02	12	3.2	12.96	9.658	7.224	1467.35	1004.99	12.720	1.5068	0	95.64	9.638	6.745	
18:00:03	12	3.2	12.97	9.658	7.224	1467.36	1004.99	12.719	1.5249	0	95.62	9.637	6.744	
18:00:04	12	3.2	12.97	9.658	7.223	1467.36	1004.99	12.719	1.5150	0	95.61	9.635	6.743	
18:00:05	12	3.3	12.97	9.659	7.223	1467.36	1004.99	12.720	1.5328	0	95.56	9.629	6.739	
18:00:06	12	3.2	12.97	9.658	7.223	1467.36	1004.99	12.719	1.5238	0	95.57	9.632	6.741	
18:00:07	12	3.2	12.96	9.658	7.223	1467.35	1004.99	12.720	1.5306	0	95.54	9.632	6.741	
18:00:08	12	3.2	12.96	9.657	7.223	1467.34	1004.99	12.719	1.5401	0	95.54	9.629	6.739	
18:00:09	12	3.2	12.96	9.657	7.223	1467.35	1004.99	12.719	1.5548	0	95.52	9.628	6.738	
18:00:10	12	3.3	12.97	9.658	7.223	1467.35	1004.99	12.719	1.5762	0	95.54	9.629	6.739	
18:00:11	12	3.3	12.97	9.658	7.223	1467.36	1004.99	12.719	1.5636	0	95.56	9.629	6.739	
18:00:12	12	3.2	12.97	9.658	7.223	1467.36	1004.99	12.719	1.5600	0	95.55	9.630	6.740	
18:00:13	12	2.9	12.97	9.659	7.223	1467.36	1004.98	12.720	1.5098	0	95.51	9.625	6.736	
18:00:14	12	2.9	12.97	9.658	7.223	1467.36	1004.98	12.718	1.4649	0	95.51	9.625	6.736	
18:00:15	12	2.4	12.97	9.658	7.223	1467.35	1004.98	12.718	1.4171	0	95.53	9.625	6.736	
18:00:16	12	1.7	12.97	9.657	7.222	1467.33	1004.98	12.717	1.3888	0	95.55	9.630	6.739	
18:00:17	12	1.1	12.96	9.656	7.222	1467.31	1004.98	12.717	1.3425	0	95.48	9.624	6.735	
18:00:18	12	0.7	12.96	9.657	7.222	1467.29	1004.97	12.720	1.2706	0	95.34	9.610	6.725	
18:00:19	12	0.3	12.96	9.656	7.223	1467.28	1004.97	12.719	1.1779	0	95.30	9.607	6.723	
18:00:20	12	0.2	12.95	1.181	5.074	1464.71	1003.32	1.555	0.8206	0	99.06	10.121	7.083	
18:00:21	12	0.2	12.87	1.064	2.899	1461.79	1001.65	1.405	0.4993	0	98.88	10.250	7.173	
18:00:22	12	0.2	12.65	0.860	0.679	1458.29	999.95	1.142	0.1405	0	98.63	10.388	7.270	
18:00:23	12	0.2	12.33	0.602	0.551	1456.96	999.89	0.806	0.1680	0	94.44	9.999	6.998	
18:00:24	12	0.2	12.04	0.500	0.427	1455.70	999.83	0.675	0.1612	0	94.19	10.011	7.006	
18:00:25	12	0.2	11.80	0.668	0.386	1454.77	999.82	0.907	0.1609	0	93.91	10.017	7.010	
18:00:26	12	0.2	11.61	0.634	0.396	1454.03	999.85	0.866	0.0891	0	95.04	10.171	7.118	
18:00:27	12	0.2	11.41	0.625	0.427	1453.32	999.90	0.859	0.0225	0	94.91	10.195	7.135	
18:00:28	12	0.2	11.20	0.664	0.428	1452.53	999.92	0.918	0.1299	0	94.56	10.193	7.133	
18:00:29	12	0.2	11.00	0.479	0.394	1451.70	999.92	0.665	0.1249	0	93.03	10.071	7.048	
18:00:30	12	0.1	10.84	0.519	0.372	1451.06	999.92	0.723	0.2254	0	92.72	10.045	7.030	
