Data Start: 2024-06-14 15:34:24
Data End: 2024-06-14 15:41:10
Devicename: Multi Water Sampler MWS
IdentNo.: 622

Bottle []
Range1: 0 to 12

Pressure [dbar]
Range1: 0.0 to 3000.0  Cal0: -2.93953E+3  Cal1: 1.37878E-1  Cal2: -1.133042E-6  Cal3: -5.948781E-1  Cal4: 5.712566E-5  Cal5: -5.11527E-10  Cal6: 8.693823E-1  Cal7: 6.172426E-2  Cal8: -4.380532E-9

Temperature [°C] ( averaging = 3 )
Range1: -2.00 to 32.00  Cal0: -2.13158E+0  Cal1: 5.84337E-4  Cal2: 0E+0

Conductivity [mS/cm]
Range1: 0.000 to 65.000  Cal0: -3.33499E-2  Cal1: 1.11275E-3  Cal2: 5.10719E-11

Salinity [PSU] ( averaging = 3 )
Range1: 0.000 to 94.000

Sound Vel. [m/s]
Range1: 1400.00 to 1600.00

Density [kg/m³]
Range1: 900.00 to 1100.00

Spec. Cond. [mS/cm]
Range1: 0.000 to 65.000

Chlorophyll a [µg/l] ( averaging = 3 )
Range1: 0.0000 to 5.0000  Cal0: 0E+0  Cal1: 8.00128E-5
Range2: 0.0000 to 15.0000  Cal2: 0E+0  Cal3: 2.400384E-4
Range3: 0.0000 to 50.0000  Cal4: 0E+0  Cal5: 8.00128E-4
Range4: 0.0000 to 150.0000  Cal6: 0E+0  Cal7: 2.400384E-3

Bottom Alarm []
Range1: 0 to 1

Oxygen [% a.s.] ( averaging = 3 )
Range1: 0.00 to 240.00  Cal0: 2.1698E-2  Cal1: 9.99659E-3  Cal2: -9.99996E+0  Cal3: 9.99922E-4  Cal4: -1.6275E-1  Cal5: 9.90109E-1  Cal6: 2.354367E+1  Cal7: 1E+0  Cal8: 9.094667E-1  Cal9: 5E-5  Cal10: 1.0134E+3

Oxygen [mg/l]
Range1: 0.000 to 35.000

Oxygen [ml/l]
Range1: 0.000 to 24.000

Header Comment

Ship:		
Cruise:		
Station:		
Cast:		
Position:		
Operator:		


Time [hh:mm:ss]	Bottle []	Pressure [dbar]	Temperature [°C]	Conductivity [mS/cm]	Salinity [PSU]	Sound Vel. [m/s]	Density [kg/m³]	Spec. Cond. [mS/cm]	Chlorophyll a [µg/l]	Bottom Alarm []	Oxygen [% a.s.]	Oxygen [mg/l]	Oxygen [ml/l]	Comments  [Index]
15:34:24	0	0.3	18.40	-0.012	0.000	1477.35	998.52	-0.014	0.0566	1	91.79	8.697	6.087	
15:34:25	0	0.3	18.40	-0.011	0.000	1477.34	998.52	-0.013	0.0539	1	91.80	8.696	6.085	
15:34:26	0	0.3	18.38	-0.012	0.000	1477.29	998.53	-0.014	0.0536	1	91.79	8.697	6.086	
15:34:27	0	0.3	18.36	-0.012	0.000	1477.21	998.53	-0.014	0.0530	1	91.79	8.698	6.087	
15:34:28	0	0.3	18.33	-0.012	0.000	1477.11	998.54	-0.014	0.0528	1	91.83	8.705	6.092	
15:34:29	0	0.2	18.32	-0.012	0.000	1477.07	998.54	-0.014	0.0554	1	91.85	8.708	6.094	
15:34:30	0	0.2	18.32	-0.012	0.000	1477.09	998.54	-0.014	0.0563	1	91.87	8.706	6.093	
15:34:31	0	0.2	18.35	-0.012	0.000	1477.17	998.53	-0.014	0.0546	1	91.86	8.703	6.091	
15:34:32	0	0.3	18.37	-0.013	0.000	1477.25	998.53	-0.015	0.0552	1	91.84	8.700	6.089	
15:34:33	0	0.2	18.38	-0.012	0.000	1477.29	998.53	-0.014	0.0521	1	91.79	8.694	6.084	
15:34:34	0	0.3	18.40	-0.012	0.000	1477.33	998.52	-0.014	0.0564	1	91.74	8.687	6.079	
15:34:35	0	0.3	18.41	-0.012	0.000	1477.37	998.52	-0.014	0.0516	1	91.73	8.682	6.076	
15:34:36	0	0.3	18.43	-0.012	0.000	1477.43	998.52	-0.014	0.0557	1	91.79	8.687	6.079	
15:34:37	0	0.3	18.44	-0.012	0.000	1477.47	998.52	-0.014	0.0543	1	91.81	8.683	6.077	
15:34:38	0	0.3	18.46	-0.012	0.000	1477.52	998.51	-0.014	0.0580	1	91.77	8.677	6.073	
15:34:39	0	0.3	18.47	-0.012	0.000	1477.58	998.51	-0.014	0.0557	1	91.73	8.673	6.070	
15:34:40	0	0.3	18.49	-0.012	0.000	1477.63	998.51	-0.014	0.0526	1	91.71	8.670	6.067	
15:34:41	0	0.3	18.51	-0.012	0.000	1477.71	998.50	-0.014	0.0514	1	91.72	8.670	6.067	
15:34:42	0	0.3	18.54	-0.012	0.000	1477.80	998.50	-0.014	0.0502	1	91.67	8.662	6.062	
15:34:43	0	0.2	18.57	-0.013	0.000	1477.87	998.49	-0.015	0.0532	1	91.63	8.658	6.059	
15:34:44	0	0.2	18.56	-0.011	0.000	1477.84	998.49	-0.013	0.0518	1	91.63	8.660	6.061	
15:34:45	0	0.2	18.54	-0.012	0.000	1477.78	998.50	-0.014	0.0521	1	91.66	8.666	6.065	
15:34:46	0	0.3	18.52	-0.012	0.000	1477.73	998.50	-0.014	0.0542	0	91.70	8.668	6.066	
15:34:47	0	0.2	18.53	-0.012	0.000	1477.75	998.50	-0.014	0.0568	1	91.69	8.667	6.065	
15:34:48	0	0.2	18.55	-0.012	0.000	1477.81	998.49	-0.014	0.0578	1	91.69	8.661	6.062	
15:34:49	0	0.2	18.57	-0.012	0.000	1477.90	998.49	-0.014	0.0546	1	91.67	8.659	6.060	
15:34:50	0	0.3	18.60	-0.012	0.000	1477.99	998.48	-0.014	0.0547	1	91.63	8.654	6.056	
15:34:51	0	0.3	18.62	-0.012	0.000	1478.03	998.48	-0.014	0.0482	1	91.59	8.649	6.053	
15:34:52	0	0.3	18.62	-0.012	0.000	1478.03	998.48	-0.014	0.0587	1	91.54	8.647	6.052	
15:34:53	0	0.2	18.63	-0.012	0.000	1478.09	998.48	-0.014	0.0593	1	91.57	8.649	6.053	
15:34:54	0	0.3	18.64	-0.012	0.000	1478.12	998.48	-0.014	0.0692	1	91.60	8.652	6.055	
15:34:55	0	0.2	18.64	-0.012	0.000	1478.10	998.48	-0.014	0.0517	1	91.65	8.661	6.061	
15:34:56	0	0.2	18.60	-0.012	0.000	1477.98	998.48	-0.014	0.0561	1	91.68	8.664	6.063	
15:34:57	0	0.2	18.57	-0.011	0.000	1477.88	998.49	-0.013	0.0549	1	91.76	8.673	6.069	
15:34:58	0	0.2	18.55	-0.012	0.000	1477.82	998.49	-0.014	0.0460	1	91.75	8.672	6.069	
15:34:59	0	0.2	18.54	-0.011	0.000	1477.78	998.50	-0.013	0.0403	1	91.73	8.669	6.067	
15:35:00	0	0.2	18.52	-0.012	0.000	1477.73	998.50	-0.014	0.0376	1	91.68	8.667	6.066	
15:35:01	0	0.2	18.50	-0.011	0.000	1477.68	998.50	-0.013	0.0552	1	91.73	8.673	6.070	
15:35:02	0	0.2	18.44	-0.012	0.000	1477.49	998.51	-0.014	0.0462	1	91.82	8.686	6.079	
15:35:03	0	0.2	18.29	-0.012	0.000	1477.00	998.54	-0.014	0.0561	1	91.86	8.707	6.093	
15:35:04	0	0.2	18.00	-0.012	0.000	1476.04	998.60	-0.014	0.0410	1	91.86	8.733	6.112	
15:35:05	0	0.3	17.65	-0.012	0.000	1474.91	998.66	-0.014	0.0309	1	91.87	8.763	6.132	
15:35:06	0	0.2	17.33	-0.012	0.000	1473.85	998.72	-0.014	0.0304	1	91.93	8.786	6.149	
15:35:07	0	0.3	17.07	-0.012	0.000	1473.02	998.76	-0.015	0.0521	0	92.05	8.823	6.174	
15:35:08	0	0.3	16.86	-0.012	0.000	1472.31	998.80	-0.015	0.0747	0	92.07	8.841	6.187	
15:35:09	0	0.3	16.67	-0.012	0.000	1471.67	998.83	-0.015	0.1098	0	92.12	8.871	6.208	
15:35:10	0	0.3	16.52	-0.012	0.000	1471.16	998.86	-0.015	0.0993	0	92.15	8.896	6.226	
15:35:11	0	0.3	16.39	-0.013	0.000	1470.73	998.88	-0.016	0.0767	0	92.28	8.938	6.255	
15:35:12	0	0.2	16.32	-0.012	0.000	1470.48	998.89	-0.015	0.0214	0	92.37	8.952	6.265	
15:35:13	0	0.2	16.27	-0.012	0.000	1470.32	998.90	-0.015	0.0249	0	92.43	8.974	6.280	
15:35:14	0	0.2	16.25	-0.012	0.000	1470.26	998.90	-0.015	0.0661	0	92.95	9.048	6.332	
15:35:15	0	0.2	16.23	-0.012	0.000	1470.19	998.91	-0.015	0.1445	0	92.89	9.056	6.338	
15:35:16	0	0.2	16.21	-0.012	0.000	1470.12	998.91	-0.015	0.1262	0	92.82	9.056	6.338	
15:35:17	0	0.2	16.16	-0.012	0.000	1469.95	998.92	-0.015	0.1429	0	92.39	9.020	6.313	
15:35:18	0	0.2	16.09	-0.012	0.000	1469.71	998.93	-0.015	0.0804	0	92.53	9.041	6.327	
15:35:19	0	0.2	16.01	-0.012	0.000	1469.45	998.94	-0.015	0.1067	0	92.76	9.076	6.352	
15:35:20	0	0.2	15.96	-0.012	0.000	1469.28	998.95	-0.015	0.0545	0	92.77	9.090	6.361	
15:35:21	0	0.2	15.94	-0.012	0.000	1469.19	998.96	-0.015	0.0341	0	92.78	9.100	6.369	
15:35:22	0	0.2	15.92	-0.012	0.000	1469.14	998.96	-0.015	0.0365	0	92.74	9.107	6.373	
15:35:23	0	0.4	15.44	10.224	2.403	1470.33	1000.89	12.642	0.4563	0	93.19	9.135	6.393	
15:35:24	0	0.8	14.94	10.252	4.843	1471.49	1002.84	12.834	0.9199	0	95.51	9.465	6.624	
15:35:25	0	0.9	14.44	10.229	7.308	1472.65	1004.82	12.968	1.3775	0	98.30	9.591	6.712	
15:35:26	0	1.5	14.42	10.203	7.365	1472.65	1004.87	12.941	1.4392	0	101.02	9.856	6.898	
15:35:27	0	1.4	14.41	10.222	7.391	1472.65	1004.89	12.968	1.5304	0	102.15	9.971	6.978	
15:35:28	0	1.4	14.41	10.218	7.390	1472.64	1004.89	12.964	1.6379	0	103.11	10.060	7.040	
15:35:29	0	1.3	14.43	10.218	7.393	1472.72	1004.89	12.957	1.7518	0	103.77	10.120	7.082	
15:35:30	0	1.4	14.45	10.221	7.390	1472.79	1004.88	12.953	1.7956	0	104.16	10.149	7.103	
15:35:31	0	1.5	14.45	10.200	7.383	1472.78	1004.88	12.928	1.8046	0	104.20	10.161	7.111	
15:35:32	0	1.6	14.43	10.212	7.381	1472.72	1004.88	12.948	1.8179	0	104.07	10.153	7.105	
15:35:33	0	1.7	14.42	10.207	7.380	1472.66	1004.88	12.948	1.8104	0	103.99	10.145	7.100	
15:35:34	0	1.8	14.42	10.211	7.385	1472.67	1004.88	12.952	1.8097	0	103.88	10.130	7.090	
15:35:35	0	2.3	14.41	10.186	7.379	1472.65	1004.88	12.923	1.8039	0	103.82	10.130	7.089	
15:35:36	0	3.0	14.40	10.185	7.375	1472.62	1004.88	12.925	1.8534	0	103.57	10.114	7.078	
15:35:37	0	3.6	14.39	10.185	7.369	1472.60	1004.88	12.927	1.8776	0	103.36	10.090	7.061	
15:35:38	0	4.2	14.39	10.185	7.370	1472.60	1004.89	12.928	1.9058	0	103.21	10.077	7.052	
15:35:39	0	4.8	14.39	10.184	7.370	1472.62	1004.89	12.926	1.9258	0	103.15	10.070	7.047	
15:35:40	0	5.4	14.39	10.184	7.370	1472.62	1004.89	12.926	1.9926	0	103.08	10.062	7.042	
15:35:41	0	5.9	14.39	10.183	7.370	1472.62	1004.90	12.926	2.0991	0	102.93	10.050	7.033	
15:35:42	0	6.5	14.39	10.180	7.369	1472.62	1004.90	12.924	2.1808	0	102.83	10.043	7.029	
15:35:43	0	7.1	14.38	10.180	7.369	1472.62	1004.90	12.925	2.2998	0	102.57	10.018	7.011	
15:35:44	0	7.6	14.39	10.183	7.369	1472.64	1004.90	12.927	2.3022	0	102.35	9.995	6.995	
15:35:45	0	8.2	14.39	10.183	7.369	1472.65	1004.91	12.927	2.3053	0	101.96	9.954	6.966	
15:35:46	0	8.8	14.38	10.172	7.367	1472.65	1004.91	12.913	2.2956	0	101.70	9.932	6.951	
15:35:47	0	9.4	14.35	10.158	7.363	1472.54	1004.91	12.907	2.4987	0	101.24	9.896	6.925	
15:35:48	0	9.9	14.29	10.173	7.366	1472.34	1004.93	12.945	2.7579	0	100.79	9.874	6.910	
15:35:49	0	10.5	14.17	10.150	7.374	1471.94	1004.95	12.957	2.8539	0	99.98	9.815	6.869	
15:35:50	0	11.0	13.94	10.038	7.368	1471.13	1004.99	12.889	2.7463	0	99.04	9.813	6.867	
15:35:51	0	11.6	13.75	10.206	7.412	1470.52	1005.05	13.169	2.5185	0	98.00	9.736	6.814	
15:35:52	0	12.2	13.83	11.394	7.763	1471.23	1005.31	14.672	2.2763	0	96.96	9.486	6.639	
15:35:53	0	12.8	13.85	11.310	8.105	1471.72	1005.58	14.555	2.0429	0	94.99	9.303	6.511	
15:35:54	0	13.3	13.63	11.588	8.482	1471.39	1005.90	14.998	1.8982	0	92.51	9.164	6.413	
15:35:55	0	13.8	13.23	12.087	8.714	1470.25	1006.14	15.808	1.7296	0	90.03	8.974	6.280	
15:35:56	0	14.5	12.72	11.775	8.926	1468.65	1006.39	15.611	1.6077	0	87.81	8.871	6.208	
15:35:57	0	15.1	12.39	11.786	9.076	1467.66	1006.55	15.761	1.4209	0	85.99	8.753	6.125	
15:35:58	0	15.6	12.04	11.803	9.094	1466.40	1006.62	15.934	1.3850	0	84.19	8.571	5.998	
15:35:59	0	16.2	11.87	11.641	9.123	1465.83	1006.66	15.784	1.3086	0	83.07	8.498	5.947	
15:36:00	0	16.7	11.69	11.712	9.159	1465.21	1006.72	15.960	1.2967	0	82.09	8.452	5.915	
15:36:01	0	17.4	11.59	12.157	9.296	1465.02	1006.84	16.612	1.3338	0	81.40	8.351	5.844	
15:36:02	0	17.9	11.66	12.205	9.474	1465.48	1006.97	16.648	1.3907	0	80.94	8.255	5.777	
15:36:03	0	18.5	11.84	12.397	9.655	1466.38	1007.09	16.826	1.4080	0	80.67	8.199	5.738	
15:36:04	0	19.1	11.85	12.547	9.744	1466.54	1007.16	17.024	1.3602	0	80.44	8.165	5.714	
15:36:05	0	19.6	11.82	12.807	9.901	1466.60	1007.29	17.393	1.3356	0	79.98	8.163	5.713	
15:36:06	0	20.2	11.72	12.910	10.057	1466.46	1007.42	17.577	1.3389	0	79.32	8.072	5.649	
15:36:07	0	20.8	11.74	12.975	10.188	1466.70	1007.53	17.656	1.3651	0	78.54	7.977	5.582	
15:36:08	0	21.2	11.65	12.830	10.209	1466.38	1007.56	17.504	1.4001	0	77.93	7.949	5.563	
15:36:09	0	21.8	11.57	12.984	10.245	1466.13	1007.60	17.753	1.4191	0	77.53	7.935	5.553	
15:36:10	0	22.3	11.56	13.094	10.296	1466.17	1007.64	17.907	1.4410	0	77.45	7.870	5.508	
15:36:11	0	22.8	11.72	13.189	10.392	1466.87	1007.70	17.961	1.4511	0	77.60	7.862	5.502	
15:36:12	0	23.4	11.86	13.259	10.444	1467.46	1007.72	17.987	1.4652	0	77.79	7.864	5.503	
15:36:13	0	23.9	11.90	13.328	10.479	1467.67	1007.74	18.060	1.5105	0	77.82	7.872	5.509	
15:36:14	0	24.4	11.95	13.487	10.542	1467.94	1007.79	18.251	1.5199	0	77.86	7.850	5.494	
15:36:15	0	24.8	11.98	13.865	10.703	1468.24	1007.91	18.748	1.5917	0	77.84	7.832	5.481	
15:36:16	0	25.4	11.99	13.898	10.857	1468.48	1008.03	18.787	1.6546	0	77.80	7.836	5.484	
15:36:17	0	25.8	11.95	13.905	10.976	1468.48	1008.13	18.816	1.7086	0	77.67	7.824	5.475	
15:36:18	0	26.3	11.93	13.912	10.994	1468.43	1008.15	18.837	1.6899	0	77.49	7.805	5.463	
15:36:19	0	26.8	11.91	13.964	11.021	1468.39	1008.18	18.918	1.5982	0	77.36	7.797	5.457	
15:36:20	0	27.3	12.04	15.401	11.441	1469.37	1008.48	20.793	1.6208	0	77.30	7.720	5.403	
15:36:21	0	27.8	12.36	16.529	12.145	1471.39	1008.98	22.122	1.5786	0	77.35	7.588	5.310	
15:36:22	0	28.3	12.76	17.853	13.165	1474.04	1009.71	23.642	1.6129	0	77.61	7.532	5.271	
15:36:23	0	28.8	13.09	19.104	14.102	1476.34	1010.38	25.078	1.4863	0	77.95	7.496	5.246	
15:36:24	0	29.4	13.25	19.809	14.931	1477.87	1011.00	25.897	1.4356	0	78.39	7.471	5.228	
15:36:25	0	29.9	13.34	19.861	15.431	1478.78	1011.37	25.903	1.3525	0	78.66	7.472	5.229	
15:36:26	0	30.4	13.35	19.872	15.616	1479.04	1011.51	25.912	1.3513	0	78.79	7.477	5.233	
15:36:27	0	31.0	13.33	19.893	15.628	1479.02	1011.53	25.949	1.3255	0	78.78	7.477	5.233	
15:36:28	0	31.5	13.32	19.903	15.643	1478.99	1011.54	25.973	1.2816	0	78.70	7.472	5.229	
15:36:29	0	32.0	13.30	19.900	15.657	1478.96	1011.56	25.978	1.2200	0	78.63	7.466	5.225	
15:36:30	0	32.0	13.29	19.833	15.645	1478.92	1011.55	25.896	1.2426	0	78.53	7.459	5.220	
15:36:31	0	32.0	13.29	19.702	15.591	1478.85	1011.51	25.726	1.2512	0	78.46	7.454	5.216	
15:36:32	0	31.9	13.29	19.674	15.528	1478.76	1011.46	25.692	1.3470	0	78.39	7.452	5.215	
15:36:33	0	32.0	13.28	19.663	15.480	1478.69	1011.43	25.681	1.2929	0	78.31	7.445	5.211	
15:36:34	0	32.0	13.28	19.713	15.485	1478.68	1011.43	25.749	1.3016	0	78.23	7.441	5.207	
15:36:35	0	32.1	13.28	19.863	15.541	1478.75	1011.47	25.945	1.2441	0	78.19	7.431	5.201	
15:36:36	0	32.0	13.28	19.881	15.603	1478.83	1011.52	25.966	1.2778	0	78.20	7.429	5.199	
15:36:37	0	32.0	13.28	19.869	15.647	1478.89	1011.55	25.949	1.2666	0	78.22	7.430	5.200	
15:36:38	0	32.1	13.28	19.871	15.649	1478.89	1011.55	25.952	1.2844	0	78.23	7.431	5.201	
15:36:39	0	32.1	13.28	19.876	15.647	1478.89	1011.55	25.958	1.2777	0	78.26	7.433	5.202	
15:36:40	0	32.1	13.28	19.873	15.648	1478.89	1011.55	25.955	1.2927	0	78.23	7.431	5.200	
15:36:41	0	32.1	13.28	19.885	15.652	1478.89	1011.56	25.970	1.3701	0	78.20	7.428	5.198	
15:36:42	0	32.1	13.28	19.893	15.658	1478.90	1011.56	25.982	1.4398	0	78.21	7.429	5.199	
15:36:43	0	31.9	13.28	19.895	15.664	1478.90	1011.57	25.983	1.4183	0	78.24	7.430	5.200	
15:36:44	1	31.9	13.28	19.892	15.666	1478.90	1011.57	25.981	1.3157	0	78.26	7.433	5.202	
15:36:45	1	31.9	13.28	19.892	15.666	1478.90	1011.57	25.982	1.2476	0	78.21	7.427	5.198	
15:36:46	1	32.0	13.28	19.891	15.665	1478.90	1011.57	25.981	1.2656	0	78.20	7.428	5.199	
15:36:47	1	32.0	13.28	19.892	15.666	1478.89	1011.57	25.983	1.3177	0	78.25	7.432	5.201	
15:36:48	1	32.1	13.28	19.895	15.667	1478.90	1011.57	25.986	1.3064	0	78.31	7.437	5.204	
15:36:49	1	32.1	13.28	19.896	15.668	1478.90	1011.57	25.986	1.2663	0	78.36	7.444	5.209	
15:36:50	1	32.1	13.28	19.890	15.667	1478.91	1011.57	25.978	1.2424	0	78.35	7.441	5.207	
15:36:51	1	32.0	13.28	19.895	15.666	1478.90	1011.57	25.984	1.2644	0	78.30	7.437	5.204	
15:36:52	1	32.0	13.28	19.900	15.668	1478.90	1011.57	25.992	1.3378	0	78.22	7.428	5.198	
15:36:53	1	32.1	13.28	19.902	15.672	1478.90	1011.57	25.996	1.3045	0	78.14	7.422	5.194	
15:36:54	1	32.0	13.28	19.908	15.676	1478.91	1011.58	26.003	1.3031	0	78.14	7.421	5.194	
15:36:55	1	32.0	13.28	19.909	15.678	1478.91	1011.58	26.004	1.2637	0	78.16	7.422	5.194	
15:36:56	1	32.0	13.28	19.910	15.680	1478.92	1011.58	26.005	1.2778	0	78.19	7.425	5.196	
15:36:57	1	32.0	13.28	19.911	15.681	1478.92	1011.58	26.006	1.2701	0	78.23	7.430	5.200	
15:36:58	1	32.0	13.28	19.909	15.681	1478.92	1011.58	26.003	1.3048	0	78.27	7.433	5.202	
15:36:59	1	32.1	13.28	19.910	15.680	1478.92	1011.58	26.004	1.3428	0	78.30	7.434	5.203	
15:37:00	1	32.0	13.28	19.909	15.680	1478.92	1011.58	26.003	1.3528	0	78.30	7.437	5.204	
15:37:01	1	32.0	13.28	19.911	15.681	1478.92	1011.58	26.006	1.3179	0	78.31	7.438	5.205	
15:37:02	1	32.1	13.28	19.911	15.681	1478.92	1011.58	26.007	1.2939	0	78.28	7.436	5.204	
15:37:03	1	32.1	13.28	19.912	15.682	1478.92	1011.58	26.008	1.2952	0	78.30	7.434	5.203	
15:37:04	1	32.0	13.28	19.909	15.682	1478.92	1011.58	26.003	1.3184	0	78.27	7.433	5.202	
15:37:05	1	31.9	13.28	19.910	15.681	1478.92	1011.58	26.004	1.3435	0	78.28	7.433	5.202	
15:37:06	1	32.0	13.28	19.909	15.680	1478.92	1011.58	26.002	1.3498	0	78.23	7.429	5.199	
15:37:07	1	32.0	13.28	19.909	15.680	1478.92	1011.58	26.002	1.3926	0	78.25	7.429	5.199	
15:37:08	1	32.0	13.28	19.914	15.681	1478.92	1011.58	26.008	1.3770	0	78.25	7.430	5.200	
15:37:09	1	32.0	13.28	19.909	15.681	1478.92	1011.58	26.002	1.3633	0	78.25	7.431	5.201	
15:37:10	1	32.0	13.28	19.910	15.681	1478.93	1011.58	26.003	1.2867	0	78.21	7.427	5.198	
15:37:11	1	32.0	13.28	19.911	15.680	1478.92	1011.58	26.005	1.3081	0	78.21	7.428	5.198	
15:37:12	1	32.0	13.28	19.911	15.681	1478.92	1011.58	26.006	1.3221	0	78.22	7.430	5.200	
15:37:13	1	32.0	13.28	19.912	15.682	1478.92	1011.58	26.008	1.3491	0	78.23	7.429	5.199	
15:37:14	1	32.0	13.28	19.914	15.683	1478.92	1011.58	26.009	1.3299	0	78.21	7.427	5.198	
15:37:15	1	32.0	13.28	19.912	15.683	1478.92	1011.58	26.008	1.3299	0	78.22	7.427	5.198	
15:37:16	1	32.0	13.28	19.915	15.684	1478.92	1011.58	26.011	1.3147	0	78.21	7.428	5.198	
15:37:17	1	32.0	13.28	19.914	15.684	1478.92	1011.58	26.010	1.3397	0	78.22	7.427	5.198	
15:37:18	1	32.0	13.28	19.916	15.685	1478.92	1011.58	26.013	1.5854	0	78.20	7.426	5.197	
15:37:19	1	32.0	13.28	19.917	15.686	1478.92	1011.58	26.015	1.5566	0	78.20	7.426	5.197	
15:37:20	1	32.0	13.28	19.917	15.687	1478.92	1011.58	26.015	1.5496	0	78.22	7.429	5.199	
15:37:21	1	31.9	13.28	19.912	15.686	1478.91	1011.58	26.010	1.2874	0	78.22	7.428	5.199	
15:37:22	1	31.8	13.28	19.914	15.686	1478.91	1011.58	26.011	1.3413	0	78.23	7.431	5.201	
15:37:23	1	31.9	13.28	19.912	15.684	1478.91	1011.58	26.010	1.2877	0	78.18	7.424	5.195	
15:37:24	1	32.0	13.28	19.914	15.685	1478.91	1011.58	26.011	1.2983	0	78.11	7.419	5.192	
15:37:25	1	31.9	13.28	19.914	15.685	1478.91	1011.58	26.012	1.2875	0	78.06	7.413	5.188	
15:37:26	1	31.9	13.28	19.915	15.686	1478.91	1011.58	26.014	1.3479	0	78.06	7.412	5.187	
15:37:27	1	31.9	13.28	19.911	15.685	1478.91	1011.58	26.009	1.3552	0	78.09	7.415	5.189	
15:37:28	1	32.0	13.28	19.914	15.685	1478.91	1011.58	26.012	1.4669	0	78.12	7.418	5.192	
15:37:29	1	31.9	13.28	19.914	15.685	1478.91	1011.58	26.012	1.4232	0	78.12	7.419	5.192	
15:37:30	1	31.9	13.28	19.912	15.685	1478.91	1011.58	26.010	1.4157	0	78.17	7.425	5.196	
15:37:31	1	31.9	13.28	19.916	15.686	1478.91	1011.58	26.014	1.2841	0	78.17	7.424	5.196	
15:37:32	1	31.9	13.28	19.911	15.685	1478.91	1011.58	26.009	1.2896	0	78.16	7.422	5.194	
15:37:33	1	31.8	13.28	19.910	15.685	1478.90	1011.58	26.008	1.3499	0	78.10	7.418	5.191	
15:37:34	1	31.8	13.28	19.912	15.684	1478.90	1011.58	26.011	1.3717	0	78.08	7.415	5.189	
15:37:35	1	32.0	13.28	19.912	15.684	1478.90	1011.58	26.011	1.3805	0	78.08	7.414	5.189	
15:37:36	1	32.0	13.28	19.915	15.686	1478.91	1011.58	26.014	1.3040	0	78.05	7.413	5.188	
15:37:37	1	31.9	13.28	19.912	15.686	1478.91	1011.58	26.011	1.3266	0	78.03	7.410	5.186	
15:37:38	1	31.8	13.28	19.914	15.686	1478.90	1011.58	26.013	1.2805	0	77.99	7.406	5.183	
15:37:39	1	31.9	13.28	19.914	15.686	1478.90	1011.58	26.013	1.3106	0	77.98	7.406	5.183	
15:37:40	1	31.9	13.27	19.914	15.686	1478.90	1011.58	26.014	1.3217	0	77.99	7.407	5.184	
15:37:41	1	31.8	13.27	19.914	15.687	1478.90	1011.58	26.014	1.3419	0	78.02	7.410	5.186	
15:37:42	1	31.8	13.28	19.914	15.687	1478.90	1011.58	26.014	1.3085	0	78.02	7.409	5.185	
15:37:43	1	31.9	13.28	19.912	15.686	1478.90	1011.58	26.012	1.2374	0	78.03	7.411	5.187	
15:37:44	1	31.8	13.28	19.914	15.686	1478.90	1011.58	26.013	1.2477	0	78.06	7.415	5.189	
15:37:45	1	31.7	13.28	19.909	15.684	1478.90	1011.58	26.007	1.2574	0	78.08	7.416	5.190	
15:37:46	1	31.5	13.28	19.908	15.683	1478.90	1011.58	26.004	1.2640	0	78.13	7.420	5.193	
15:37:47	1	31.3	13.28	19.905	15.680	1478.90	1011.58	25.999	1.3078	0	78.11	7.418	5.192	
15:37:48	1	30.9	13.28	19.903	15.678	1478.90	1011.57	25.996	1.3332	0	78.10	7.417	5.190	
15:37:49	1	30.5	13.29	19.900	15.674	1478.91	1011.57	25.987	1.3899	0	78.03	7.410	5.186	
15:37:50	1	30.1	13.30	19.900	15.670	1478.94	1011.56	25.980	1.3341	0	78.02	7.408	5.184	
15:37:51	1	29.8	13.31	19.899	15.665	1478.96	1011.55	25.971	1.3222	0	78.05	7.409	5.185	
15:37:52	1	29.6	13.32	19.893	15.659	1478.98	1011.55	25.958	1.3058	0	78.11	7.412	5.187	
15:37:53	1	29.3	13.32	19.890	15.653	1478.99	1011.54	25.950	1.3253	0	78.16	7.416	5.190	
15:37:54	1	29.0	13.33	19.887	15.647	1479.00	1011.53	25.941	1.3347	0	78.23	7.424	5.195	
15:37:55	1	28.7	13.34	19.871	15.637	1479.02	1011.52	25.914	1.3169	0	78.26	7.427	5.197	
15:37:56	1	28.4	13.36	19.857	15.624	1479.05	1011.51	25.885	1.3091	0	78.32	7.429	5.199	
15:37:57	1	28.1	13.37	19.844	15.606	1479.08	1011.49	25.859	1.3042	0	78.32	7.429	5.199	
15:37:58	1	27.8	13.37	19.530	15.506	1478.94	1011.41	25.453	1.3175	0	78.41	7.438	5.205	
15:37:59	1	27.5	13.30	18.713	15.187	1478.34	1011.18	24.428	1.3698	0	78.46	7.465	5.224	
15:38:00	1	27.2	13.18	17.911	14.660	1477.29	1010.79	23.454	1.4449	0	78.48	7.510	5.255	
15:38:01	1	26.9	13.07	17.171	14.027	1476.13	1010.32	22.554	1.5181	0	78.46	7.566	5.295	
15:38:02	1	26.5	12.87	15.883	13.276	1474.56	1009.77	20.968	1.5584	0	78.36	7.600	5.319	
15:38:03	1	26.2	12.64	15.033	12.522	1472.84	1009.22	19.967	1.5836	0	78.24	7.683	5.377	
15:38:04	1	25.9	12.35	14.704	11.900	1471.05	1008.78	19.682	1.6268	0	77.89	7.725	5.406	
15:38:05	1	25.6	12.17	14.352	11.539	1469.96	1008.53	19.305	1.6927	0	77.54	7.744	5.420	
15:38:06	1	25.3	12.06	14.360	11.407	1469.38	1008.44	19.374	1.7174	0	77.18	7.723	5.405	
15:38:07	1	24.9	12.02	14.098	11.269	1469.06	1008.34	19.042	1.7586	0	77.04	7.722	5.404	
15:38:08	1	24.6	11.99	14.046	11.199	1468.87	1008.29	18.986	1.7847	0	77.00	7.726	5.407	
15:38:09	1	24.4	11.98	13.999	11.104	1468.73	1008.22	18.926	1.8410	0	77.02	7.739	5.416	
15:38:10	1	24.0	11.99	13.866	11.041	1468.66	1008.17	18.745	1.8656	0	76.99	7.740	5.417	
15:38:11	1	23.6	11.99	13.442	10.869	1468.46	1008.03	18.170	1.8457	0	76.94	7.739	5.416	
15:38:12	1	23.3	11.99	13.435	10.708	1468.25	1007.91	18.162	1.8389	0	76.87	7.749	5.423	
15:38:13	1	23.0	11.96	13.330	10.558	1467.99	1007.79	18.031	1.8061	0	76.93	7.762	5.432	
15:38:14	1	22.7	11.95	13.245	10.505	1467.88	1007.75	17.921	1.7893	0	77.02	7.774	5.440	
15:38:15	1	22.4	11.93	13.162	10.433	1467.71	1007.70	17.820	1.7888	0	77.13	7.792	5.453	
15:38:16	1	21.9	11.87	13.037	10.358	1467.39	1007.65	17.680	1.7493	0	77.10	7.798	5.458	
15:38:17	1	21.6	11.74	13.114	10.341	1466.86	1007.65	17.850	1.7361	0	77.09	7.816	5.470	
15:38:18	1	21.4	11.64	12.995	10.320	1466.48	1007.65	17.733	1.6874	0	77.13	7.842	5.488	
15:38:19	1	21.0	11.62	12.974	10.325	1466.43	1007.65	17.712	1.6761	0	77.17	7.851	5.495	
15:38:20	1	20.6	11.69	12.928	10.276	1466.59	1007.60	17.620	1.6150	0	77.11	7.840	5.487	
15:38:21	1	20.3	11.72	12.947	10.255	1466.69	1007.58	17.629	1.5608	0	77.00	7.826	5.477	
15:38:22	1	20.0	11.73	12.887	10.221	1466.68	1007.55	17.543	1.5383	0	76.90	7.817	5.470	
15:38:23	1	20.0	11.73	12.855	10.196	1466.66	1007.53	17.497	1.4925	0	76.81	7.809	5.465	
15:38:24	1	19.9	11.74	12.886	10.177	1466.65	1007.51	17.538	1.4841	0	76.70	7.801	5.459	
15:38:25	1	20.0	11.73	12.851	10.166	1466.63	1007.51	17.492	1.4508	0	76.59	7.788	5.451	
15:38:26	1	20.0	11.73	12.953	10.195	1466.63	1007.53	17.634	1.4975	0	76.47	7.778	5.444	
15:38:27	1	20.0	11.71	12.998	10.230	1466.61	1007.56	17.705	1.4866	0	76.37	7.769	5.437	
15:38:28	1	20.0	11.70	12.994	10.274	1466.61	1007.60	17.705	1.5156	0	76.33	7.764	5.434	
15:38:29	1	20.0	11.69	13.144	10.331	1466.68	1007.64	17.910	1.4987	0	76.32	7.759	5.430	
15:38:30	1	20.0	11.71	13.133	10.370	1466.78	1007.67	17.888	1.5100	0	76.39	7.760	5.431	
15:38:31	1	19.9	11.73	13.092	10.395	1466.88	1007.68	17.823	1.4851	0	76.37	7.754	5.426	
15:38:32	2	19.9	11.74	13.157	10.394	1466.91	1007.68	17.905	1.4917	0	76.41	7.756	5.428	
15:38:33	2	20.0	11.74	13.119	10.387	1466.92	1007.68	17.852	1.4650	0	76.38	7.752	5.425	
15:38:34	2	20.0	11.74	13.125	10.395	1466.92	1007.68	17.862	1.4200	0	76.41	7.756	5.428	
15:38:35	2	20.0	11.76	13.171	10.398	1466.99	1007.68	17.915	1.4044	0	76.43	7.754	5.427	
15:38:36	2	20.0	11.79	13.217	10.421	1467.14	1007.70	17.962	1.3939	0	76.53	7.753	5.426	
15:38:37	2	20.0	11.83	13.200	10.434	1467.29	1007.70	17.922	1.4274	0	76.62	7.763	5.433	
15:38:38	2	20.0	11.84	13.200	10.435	1467.35	1007.70	17.913	1.4709	0	76.71	7.768	5.436	
15:38:39	2	20.0	11.86	13.365	10.471	1467.44	1007.73	18.131	1.4730	0	76.75	7.764	5.433	
15:38:40	2	20.1	11.85	13.112	10.444	1467.39	1007.71	17.791	1.4619	0	76.73	7.775	5.441	
15:38:41	2	20.1	11.83	13.089	10.413	1467.26	1007.69	17.771	1.4191	0	76.69	7.781	5.445	
15:38:42	2	20.1	11.78	13.105	10.346	1467.03	1007.64	17.814	1.4304	0	76.63	7.782	5.446	
15:38:43	2	20.0	11.76	13.109	10.354	1466.93	1007.65	17.832	1.4318	0	76.65	7.783	5.447	
15:38:44	2	20.0	11.74	13.090	10.362	1466.89	1007.66	17.813	1.4287	0	76.63	7.780	5.445	
15:38:45	2	19.7	11.75	13.241	10.404	1466.97	1007.69	18.014	1.4209	0	76.56	7.770	5.438	
15:38:46	2	19.4	11.76	13.042	10.384	1466.99	1007.67	17.737	1.4056	0	76.45	7.754	5.427	
15:38:47	2	18.9	11.77	12.664	10.261	1466.84	1007.57	17.222	1.4119	0	76.35	7.753	5.426	
15:38:48	2	18.5	11.77	12.606	10.078	1466.64	1007.43	17.141	1.4015	0	76.35	7.762	5.432	
15:38:49	2	18.3	11.78	12.474	9.915	1466.48	1007.30	16.956	1.4265	0	76.44	7.773	5.440	
15:38:50	2	18.0	11.80	12.308	9.810	1466.43	1007.21	16.721	1.4510	0	76.62	7.797	5.456	
15:38:51	2	17.7	11.80	12.311	9.724	1466.30	1007.15	16.727	1.4909	0	76.86	7.823	5.475	
15:38:52	2	17.3	11.75	11.945	9.577	1465.94	1007.04	16.251	1.5016	0	77.08	7.854	5.496	
15:38:53	2	17.1	11.68	11.810	9.447	1465.51	1006.95	16.100	1.4746	0	77.26	7.892	5.523	
15:38:54	2	16.7	11.60	11.809	9.322	1465.06	1006.86	16.133	1.4486	0	77.38	7.925	5.546	
15:38:55	2	16.3	11.56	11.752	9.283	1464.85	1006.83	16.074	1.4694	0	77.51	7.950	5.563	
15:38:56	2	16.0	11.55	11.793	9.290	1464.81	1006.84	16.135	1.4743	0	77.65	7.971	5.578	
15:38:57	2	15.7	11.59	11.766	9.278	1464.96	1006.82	16.079	1.4801	0	77.81	7.984	5.588	
15:38:58	2	15.3	11.70	11.755	9.268	1465.33	1006.80	16.018	1.4316	0	78.01	7.994	5.594	
15:38:59	2	14.9	11.81	11.764	9.238	1465.73	1006.76	15.978	1.4279	0	78.19	7.991	5.592	
15:39:00	2	14.7	11.91	11.785	9.217	1466.05	1006.72	15.966	1.4355	0	78.42	7.999	5.598	
15:39:01	2	14.4	11.95	11.784	9.204	1466.19	1006.71	15.946	1.4760	0	78.57	8.000	5.599	
15:39:02	2	14.0	11.97	11.781	9.195	1466.25	1006.70	15.931	1.4573	0	78.73	8.014	5.609	
15:39:03	2	13.6	12.02	11.782	9.186	1466.40	1006.68	15.914	1.4815	0	78.86	8.026	5.617	
15:39:04	2	13.3	12.12	11.814	9.180	1466.78	1006.66	15.912	1.4633	0	79.04	8.023	5.615	
15:39:05	2	13.0	12.33	11.990	9.210	1467.54	1006.65	16.062	1.4999	0	79.26	8.015	5.609	
15:39:06	2	12.6	12.54	11.919	9.206	1468.32	1006.62	15.874	1.4623	0	79.49	7.996	5.596	
15:39:07	2	12.2	12.82	11.672	9.111	1469.20	1006.50	15.432	1.4918	0	79.75	8.012	5.607	
15:39:08	2	11.9	13.10	11.703	8.970	1470.05	1006.35	15.358	1.5596	0	80.12	7.998	5.597	
15:39:09	2	11.6	13.41	11.490	8.785	1470.93	1006.16	14.958	1.7433	0	80.61	7.985	5.588	
15:39:10	2	11.3	13.65	10.732	8.470	1471.42	1005.88	13.882	1.9208	0	81.22	7.988	5.590	
15:39:11	2	11.0	13.78	10.518	8.103	1471.41	1005.58	13.562	2.0869	0	81.92	8.076	5.652	
15:39:12	2	10.6	13.78	10.235	7.742	1470.99	1005.30	13.197	2.1528	0	82.73	8.178	5.723	
15:39:13	2	10.3	13.70	10.153	7.586	1470.53	1005.19	13.117	2.2683	0	83.65	8.292	5.803	
15:39:14	2	10.1	13.68	10.154	7.496	1470.34	1005.12	13.126	2.3801	0	84.94	8.428	5.898	
15:39:15	2	10.1	13.77	10.156	7.475	1470.66	1005.09	13.096	2.5122	0	86.49	8.536	5.974	
15:39:16	2	10.1	13.90	10.160	7.464	1471.07	1005.06	13.061	2.5443	0	88.23	8.696	6.086	
15:39:17	2	10.1	13.98	10.157	7.446	1471.36	1005.04	13.027	2.5836	0	89.78	8.833	6.181	
15:39:18	2	10.1	14.01	10.169	7.434	1471.43	1005.02	13.035	2.6388	0	91.06	8.957	6.268	
15:39:19	2	10.1	14.04	10.170	7.428	1471.53	1005.01	13.026	2.7132	0	91.96	9.042	6.328	
15:39:20	2	10.1	14.07	10.169	7.426	1471.62	1005.01	13.016	2.7927	0	92.50	9.091	6.362	
15:39:21	2	10.1	14.08	10.168	7.421	1471.66	1005.00	13.010	2.8464	0	92.89	9.128	6.388	
15:39:22	2	10.1	14.08	10.174	7.419	1471.67	1005.00	13.016	2.8509	0	93.16	9.156	6.407	
15:39:23	2	10.1	14.08	10.174	7.419	1471.67	1005.00	13.017	2.8119	0	93.42	9.182	6.426	
15:39:24	2	10.0	14.08	10.173	7.421	1471.66	1005.00	13.016	2.8096	0	93.54	9.195	6.435	
15:39:25	3	10.1	14.07	10.172	7.421	1471.64	1005.00	13.016	2.8739	0	93.62	9.204	6.442	
15:39:26	3	10.0	14.06	10.173	7.421	1471.61	1005.01	13.021	2.9097	0	93.66	9.213	6.447	
15:39:27	3	10.1	14.05	10.170	7.422	1471.57	1005.01	13.022	2.8996	0	93.74	9.222	6.454	
15:39:28	3	10.1	14.04	10.167	7.423	1471.52	1005.01	13.022	2.8337	0	93.79	9.228	6.458	
15:39:29	4	10.1	14.01	10.164	7.424	1471.43	1005.02	13.027	2.8464	0	93.79	9.240	6.467	
15:39:30	4	10.1	13.99	10.156	7.425	1471.34	1005.02	13.025	2.7810	0	93.76	9.237	6.465	
15:39:31	4	10.1	13.95	10.141	7.423	1471.23	1005.02	13.017	2.7703	0	93.72	9.253	6.475	
15:39:32	4	10.1	13.92	10.140	7.423	1471.12	1005.03	13.026	2.7171	0	93.71	9.252	6.475	
15:39:33	4	10.1	13.89	10.138	7.424	1471.02	1005.03	13.033	2.7540	0	93.66	9.246	6.471	
15:39:34	4	10.1	13.89	10.149	7.430	1470.99	1005.04	13.050	2.7586	0	93.67	9.243	6.469	
15:39:35	4	10.0	13.90	10.163	7.438	1471.06	1005.04	13.061	2.8168	0	93.62	9.232	6.461	
15:39:36	4	10.0	13.94	10.166	7.442	1471.19	1005.04	13.054	2.8288	0	93.64	9.228	6.458	
15:39:37	4	10.0	13.97	10.168	7.442	1471.30	1005.04	13.047	2.8139	0	93.65	9.222	6.454	
15:39:38	4	10.0	13.99	10.165	7.437	1471.36	1005.03	13.036	2.7903	0	93.75	9.233	6.462	
15:39:39	4	10.0	13.99	10.163	7.433	1471.36	1005.03	13.033	2.7683	0	93.84	9.245	6.470	
15:39:40	4	9.9	13.99	10.172	7.432	1471.36	1005.03	13.044	2.7535	0	93.86	9.246	6.471	
15:39:41	4	9.6	14.01	10.173	7.433	1471.42	1005.02	13.039	2.7171	0	93.88	9.240	6.467	
15:39:42	4	9.2	14.06	10.159	7.428	1471.60	1005.01	13.004	2.7349	0	93.94	9.231	6.460	
15:39:43	4	8.8	14.14	10.158	7.415	1471.85	1004.98	12.977	2.8532	0	94.06	9.230	6.459	
15:39:44	4	8.3	14.21	10.161	7.399	1472.08	1004.96	12.957	2.9871	0	94.31	9.241	6.467	
15:39:45	4	7.9	14.27	10.165	7.387	1472.25	1004.94	12.943	3.1357	0	94.63	9.261	6.481	
15:39:46	4	7.6	14.30	10.169	7.380	1472.36	1004.92	12.937	3.1841	0	95.03	9.294	6.504	
15:39:47	4	7.3	14.33	10.175	7.376	1472.45	1004.92	12.935	3.2108	0	95.39	9.324	6.525	
15:39:48	4	7.2	14.36	10.177	7.373	1472.54	1004.91	12.929	3.1540	0	95.71	9.348	6.542	
15:39:49	4	6.8	14.37	10.178	7.371	1472.58	1004.90	12.925	3.1227	0	96.06	9.379	6.563	
15:39:50	4	6.4	14.37	10.169	7.367	1472.57	1004.90	12.914	3.0368	0	96.40	9.414	6.588	
15:39:51	4	6.1	14.36	10.167	7.364	1472.52	1004.90	12.915	2.9412	0	96.59	9.436	6.604	
15:39:52	4	5.9	14.36	10.175	7.365	1472.50	1004.90	12.927	2.8625	0	96.71	9.449	6.613	
15:39:53	4	5.5	14.36	10.177	7.368	1472.50	1004.90	12.930	2.8164	0	96.73	9.450	6.613	
15:39:54	4	5.0	14.37	10.176	7.370	1472.53	1004.89	12.925	2.8749	0	96.82	9.456	6.617	
15:39:55	4	4.8	14.38	10.177	7.369	1472.57	1004.89	12.922	2.8861	0	96.85	9.454	6.616	
15:39:56	4	4.6	14.39	10.180	7.368	1472.61	1004.89	12.922	2.8216	0	96.93	9.459	6.620	
15:39:57	4	4.2	14.40	10.182	7.367	1472.62	1004.88	12.921	2.6526	0	96.97	9.467	6.625	
15:39:58	4	3.7	14.40	10.179	7.366	1472.62	1004.88	12.918	2.4571	0	97.01	9.468	6.626	
15:39:59	4	3.7	14.40	10.178	7.365	1472.62	1004.88	12.916	2.3295	0	96.99	9.466	6.625	
15:40:00	4	3.2	14.40	10.179	7.365	1472.61	1004.88	12.918	2.2584	0	97.00	9.468	6.626	
15:40:01	4	3.0	14.40	10.177	7.364	1472.60	1004.88	12.915	2.1744	0	97.01	9.471	6.628	
15:40:02	4	3.3	14.40	10.178	7.364	1472.61	1004.88	12.917	2.1205	0	97.06	9.473	6.630	
15:40:03	4	3.5	14.40	10.177	7.364	1472.61	1004.88	12.916	1.9874	0	97.08	9.475	6.631	
15:40:04	4	3.0	14.40	10.178	7.364	1472.60	1004.88	12.917	1.9757	0	97.10	9.479	6.633	
15:40:05	4	3.0	14.40	10.177	7.364	1472.60	1004.88	12.916	2.0017	0	97.10	9.478	6.633	
15:40:06	4	3.3	14.40	10.176	7.364	1472.60	1004.88	12.915	1.9732	0	97.09	9.477	6.632	
15:40:07	4	3.3	14.40	10.177	7.364	1472.60	1004.88	12.916	1.9162	0	97.11	9.478	6.633	
15:40:08	4	3.0	14.40	10.179	7.364	1472.59	1004.88	12.919	1.8990	0	97.12	9.480	6.634	
15:40:09	4	3.1	14.40	10.178	7.365	1472.60	1004.88	12.918	1.9030	0	97.18	9.487	6.640	
15:40:10	4	3.3	14.40	10.177	7.365	1472.60	1004.88	12.916	1.8949	0	97.20	9.488	6.640	
15:40:11	4	3.3	14.40	10.176	7.364	1472.61	1004.88	12.914	1.8393	0	97.20	9.486	6.639	
15:40:12	4	3.3	14.40	10.178	7.363	1472.61	1004.88	12.917	1.8587	0	97.16	9.484	6.637	
15:40:13	4	3.1	14.40	10.178	7.364	1472.61	1004.88	12.916	1.9015	0	97.14	9.481	6.635	
15:40:14	5	3.1	14.40	10.178	7.364	1472.61	1004.88	12.916	1.8415	0	97.18	9.485	6.638	
15:40:15	5	3.3	14.40	10.177	7.364	1472.61	1004.88	12.915	1.8546	0	97.19	9.486	6.638	
15:40:16	5	3.3	14.40	10.178	7.364	1472.61	1004.88	12.916	1.8700	0	97.22	9.490	6.642	
15:40:17	5	3.1	14.40	10.178	7.364	1472.61	1004.88	12.916	1.9131	0	97.17	9.485	6.638	
15:40:18	6	3.1	14.40	10.178	7.364	1472.61	1004.88	12.917	1.9289	0	97.15	9.481	6.635	
15:40:19	6	3.3	14.40	10.177	7.364	1472.61	1004.88	12.915	1.8813	0	97.13	9.481	6.635	
15:40:20	6	3.3	14.40	10.177	7.364	1472.61	1004.88	12.915	1.8478	0	97.17	9.484	6.637	
15:40:21	6	3.1	14.40	10.179	7.364	1472.60	1004.88	12.918	1.8091	0	97.22	9.490	6.642	
15:40:22	7	3.0	14.40	10.178	7.364	1472.61	1004.88	12.916	1.8110	0	97.26	9.494	6.644	
15:40:23	7	3.3	14.40	10.179	7.365	1472.62	1004.88	12.918	1.8043	0	97.29	9.497	6.646	
15:40:24	7	3.4	14.40	10.178	7.364	1472.62	1004.88	12.916	1.8095	0	97.32	9.499	6.648	
15:40:25	7	3.1	14.40	10.178	7.364	1472.61	1004.88	12.916	1.8496	0	97.32	9.497	6.647	
15:40:26	8	3.0	14.40	10.178	7.364	1472.61	1004.88	12.916	1.8882	0	97.31	9.496	6.645	
15:40:27	8	3.3	14.40	10.180	7.364	1472.62	1004.88	12.918	1.9133	0	97.29	9.496	6.645	
15:40:28	8	3.4	14.40	10.179	7.364	1472.63	1004.88	12.917	1.9043	0	97.33	9.500	6.648	
15:40:29	8	3.1	14.40	10.182	7.365	1472.62	1004.88	12.919	1.9507	0	97.35	9.500	6.649	
15:40:30	9	3.1	14.41	10.180	7.365	1472.63	1004.88	12.918	1.9390	0	97.34	9.500	6.648	
15:40:31	9	3.3	14.41	10.180	7.365	1472.64	1004.88	12.917	1.9333	0	97.35	9.501	6.649	
15:40:32	9	3.2	14.41	10.187	7.366	1472.64	1004.88	12.925	1.8888	0	97.42	9.507	6.654	
15:40:33	9	3.0	14.41	10.186	7.367	1472.65	1004.88	12.923	1.9427	0	97.44	9.505	6.652	
15:40:34	10	3.1	14.41	10.183	7.367	1472.66	1004.88	12.917	1.9498	0	97.42	9.503	6.651	
15:40:35	10	3.3	14.42	10.183	7.366	1472.67	1004.88	12.917	1.9603	0	97.37	9.500	6.649	
15:40:36	10	3.2	14.42	10.183	7.364	1472.67	1004.87	12.916	1.9567	0	97.36	9.500	6.648	
15:40:37	10	3.1	14.42	10.183	7.364	1472.66	1004.87	12.917	1.9836	0	97.33	9.495	6.645	
15:40:38	11	3.2	14.42	10.186	7.365	1472.68	1004.87	12.920	1.9950	0	97.30	9.493	6.643	
15:40:39	11	3.2	14.42	10.185	7.365	1472.69	1004.87	12.917	1.9991	0	97.30	9.492	6.643	
15:40:40	11	3.2	14.43	10.184	7.365	1472.70	1004.87	12.915	2.0101	0	97.32	9.495	6.645	
15:40:41	11	3.2	14.42	10.182	7.364	1472.69	1004.87	12.913	2.0302	0	97.33	9.497	6.646	
15:40:42	12	3.3	14.42	10.182	7.363	1472.67	1004.87	12.915	2.0632	0	97.33	9.497	6.647	
15:40:43	12	3.1	14.41	10.177	7.362	1472.65	1004.87	12.911	2.0877	0	97.30	9.494	6.644	
15:40:44	12	3.1	14.41	10.183	7.363	1472.64	1004.87	12.919	2.1287	0	97.31	9.497	6.646	
15:40:45	12	3.3	14.41	10.182	7.364	1472.64	1004.88	12.918	2.1040	0	97.32	9.496	6.645	
15:40:46	12	3.4	14.41	10.179	7.365	1472.65	1004.88	12.914	2.1196	0	97.39	9.504	6.651	
15:40:47	12	3.1	14.41	10.182	7.364	1472.64	1004.87	12.917	2.1144	0	97.42	9.507	6.653	
15:40:48	12	3.1	14.41	10.183	7.364	1472.64	1004.88	12.919	2.1399	0	97.46	9.509	6.655	
15:40:49	12	3.3	14.41	10.179	7.365	1472.64	1004.88	12.915	2.1268	0	97.40	9.504	6.651	
15:40:50	12	3.2	14.41	10.182	7.365	1472.63	1004.88	12.918	2.1315	0	97.40	9.505	6.652	
15:40:51	12	3.1	14.41	10.182	7.365	1472.63	1004.88	12.918	2.2877	0	97.35	9.502	6.650	
15:40:52	12	3.2	14.41	10.180	7.365	1472.64	1004.88	12.916	2.3247	0	97.34	9.500	6.649	
15:40:53	12	3.2	14.41	10.179	7.364	1472.64	1004.88	12.915	2.2936	0	97.31	9.496	6.646	
15:40:54	12	2.6	14.41	10.183	7.365	1472.63	1004.87	12.920	2.1363	0	97.31	9.497	6.647	
15:40:55	12	1.9	14.41	10.180	7.365	1472.62	1004.87	12.917	2.0386	0	97.32	9.498	6.647	
15:40:56	12	1.4	14.41	10.179	7.365	1472.60	1004.87	12.916	1.9402	0	97.24	9.489	6.641	
15:40:57	12	0.9	14.41	10.180	7.364	1472.60	1004.87	12.917	1.7815	0	97.14	9.480	6.634	
15:40:58	12	0.2	14.41	10.178	7.364	1472.58	1004.86	12.915	1.6163	0	96.99	9.467	6.625	
15:40:59	12	0.1	14.40	1.378	5.203	1470.02	1003.20	1.748	1.4352	0	97.35	9.628	6.738	
15:41:00	12	0.1	14.39	1.318	3.028	1467.42	1001.53	1.672	1.2941	0	96.86	9.710	6.795	
15:41:01	12	0.1	14.35	0.825	0.745	1464.57	999.77	1.048	0.8956	0	97.20	9.913	6.937	
15:41:02	12	0.1	14.31	0.876	0.635	1464.27	999.70	1.114	0.4877	0	96.68	9.914	6.939	
15:41:03	12	0.1	14.24	1.178	0.605	1463.99	999.68	1.502	0.1894	0	97.06	10.011	7.006	
15:41:04	12	0.1	14.17	1.617	0.782	1463.97	999.83	2.064	0.1536	0	96.33	9.941	6.957	
15:41:05	12	0.1	14.07	1.714	0.971	1463.84	999.99	2.193	0.2316	0	95.15	9.785	6.848	
15:41:06	12	0.1	13.91	0.948	0.922	1463.18	999.98	1.218	0.1577	0	94.00	9.669	6.767	
15:41:07	12	0.1	13.70	1.171	0.825	1462.31	999.93	1.513	0.1733	0	93.15	9.592	6.713	
15:41:08	12	0.1	13.45	1.137	0.699	1461.27	999.86	1.479	0.1195	0	92.88	9.586	6.709	
15:41:09	12	0.1	13.25	0.494	0.602	1460.42	999.82	0.646	0.1260	0	92.50	9.555	6.687	
15:41:10	12	0.1	13.07	0.305	0.413	1459.53	999.69	0.400	0.0871	0	92.17	9.536	6.674	
