Data Start: 2024-06-14 13:15:18
Data End: 2024-06-14 13:19:26
Devicename: Multi Water Sampler MWS
IdentNo.: 622

Bottle []
Range1: 0 to 12

Pressure [dbar]
Range1: 0.0 to 3000.0  Cal0: -2.93953E+3  Cal1: 1.37878E-1  Cal2: -1.133042E-6  Cal3: -5.948781E-1  Cal4: 5.712566E-5  Cal5: -5.11527E-10  Cal6: 8.693823E-1  Cal7: 6.172426E-2  Cal8: -4.380532E-9

Temperature [°C]
Range1: -2.000 to 32.000  Cal0: -2.13158E+0  Cal1: 5.84337E-4  Cal2: 0E+0

Conductivity [mS/cm]
Range1: 0.000 to 65.000  Cal0: -3.33499E-2  Cal1: 1.11275E-3  Cal2: 5.10719E-11

Salinity [PSU]
Range1: 0.000 to 94.000

Sound Vel. [m/s]
Range1: 1400.00 to 1600.00

Density [kg/m³]
Range1: 900.00 to 1100.00

Spec. Cond. [mS/cm]
Range1: 0.000 to 65.000

Chlorophyll a [µg/l]
Range1: 0.0000 to 5.0000  Cal0: 0E+0  Cal1: 8.00128E-5
Range2: 0.0000 to 15.0000  Cal2: 0E+0  Cal3: 2.400384E-4
Range3: 0.0000 to 50.0000  Cal4: 0E+0  Cal5: 8.00128E-4
Range4: 0.0000 to 150.0000  Cal6: 0E+0  Cal7: 2.400384E-3

Bottom Alarm []
Range1: 0 to 1

Oxygen [% a.s.]
Range1: 0.00 to 240.00  Cal0: 2.1698E-2  Cal1: 9.99659E-3  Cal2: -9.99996E+0  Cal3: 9.99922E-4  Cal4: -1.6275E-1  Cal5: 9.90109E-1  Cal6: 2.354367E+1  Cal7: 1E+0  Cal8: 9.094667E-1  Cal9: 5E-5  Cal10: 1.0134E+3

Oxygen [mg/l]
Range1: 0.000 to 35.000

Oxygen [ml/l]
Range1: 0.000 to 24.000

Header Comment

Ship:		
Cruise:		
Station:		
Cast:		
Position:		
Operator:		


Time [hh:mm:ss]	Bottle []	Pressure [dbar]	Temperature [°C]	Conductivity [mS/cm]	Salinity [PSU]	Sound Vel. [m/s]	Density [kg/m³]	Spec. Cond. [mS/cm]	Chlorophyll a [µg/l]	Bottom Alarm []	Oxygen [% a.s.]	Oxygen [mg/l]	Oxygen [ml/l]	Comments  [Index]
13:15:18	0	0.2	18.941	-0.012	0.000	1479.06	998.42	-0.014	0.0667	1	91.84	8.672	6.069	
13:15:19	0	0.2	18.941	-0.011	0.000	1479.06	998.42	-0.013	0.0586	1	91.93	8.679	6.074	
13:15:20	0	0.2	18.945	-0.012	0.000	1479.08	998.42	-0.014	0.0576	1	91.89	8.676	6.072	
13:15:21	0	0.2	18.981	-0.011	0.000	1479.19	998.41	-0.013	0.0596	1	92.09	8.693	6.084	
13:15:22	0	0.2	19.013	-0.011	0.000	1479.29	998.40	-0.013	0.0606	1	91.87	8.670	6.068	
13:15:23	0	0.2	19.030	-0.011	0.000	1479.34	998.40	-0.013	0.0623	1	91.98	8.677	6.073	
13:15:24	0	0.2	19.038	-0.011	0.000	1479.37	998.40	-0.013	0.0551	1	91.86	8.664	6.063	
13:15:25	0	0.2	19.030	-0.011	0.000	1479.35	998.40	-0.013	0.0615	1	91.99	8.676	6.072	
13:15:26	0	0.2	19.023	-0.011	0.000	1479.32	998.40	-0.013	0.0678	1	91.83	8.658	6.059	
13:15:27	0	0.2	19.020	-0.012	0.000	1479.31	998.40	-0.014	0.0817	1	91.86	8.662	6.062	
13:15:28	0	0.2	19.018	-0.011	0.000	1479.31	998.40	-0.013	0.0756	1	91.91	8.664	6.063	
13:15:29	0	0.2	19.009	-0.011	0.000	1479.28	998.41	-0.013	0.0590	1	91.92	8.666	6.065	
13:15:30	0	0.2	19.018	-0.011	0.000	1479.31	998.40	-0.013	0.0651	1	91.93	8.664	6.063	
13:15:31	0	0.2	19.026	-0.010	0.000	1479.33	998.40	-0.011	0.0687	1	91.89	8.656	6.058	
13:15:32	0	0.2	19.034	-0.011	0.000	1479.36	998.40	-0.013	0.0646	1	91.77	8.642	6.048	
13:15:33	0	0.2	19.016	-0.011	0.000	1479.30	998.40	-0.013	0.0815	1	91.73	8.637	6.045	
13:15:34	0	0.2	18.990	-0.011	0.000	1479.22	998.41	-0.013	0.0594	0	91.86	8.650	6.054	
13:15:35	0	0.2	18.964	-0.011	0.000	1479.14	998.41	-0.013	0.0607	0	91.91	8.654	6.056	
13:15:36	0	0.2	18.927	-0.011	0.000	1479.02	998.42	-0.013	0.1094	1	91.98	8.662	6.062	
13:15:37	0	0.2	18.876	-0.011	0.000	1478.86	998.43	-0.013	0.0495	1	91.82	8.649	6.053	
13:15:38	0	0.2	18.832	-0.011	0.000	1478.72	998.44	-0.013	0.0638	1	92.00	8.668	6.066	
13:15:39	0	0.2	18.803	-0.012	0.000	1478.63	998.45	-0.014	0.0780	0	91.95	8.661	6.061	
13:15:40	0	0.2	18.696	-0.011	0.000	1478.29	998.47	-0.013	0.0505	0	91.62	8.635	6.043	
13:15:41	0	0.2	18.464	-0.012	0.000	1477.55	998.51	-0.014	0.0908	0	91.81	8.659	6.060	
13:15:42	0	0.2	18.199	-0.012	0.000	1476.69	998.56	-0.014	0.0436	1	91.91	8.694	6.085	
13:15:43	0	0.2	18.038	-0.011	0.000	1476.18	998.59	-0.013	0.0370	1	91.98	8.712	6.097	
13:15:44	0	0.2	17.831	-0.011	0.000	1475.51	998.63	-0.013	0.0721	0	91.99	8.735	6.113	
13:15:45	0	0.2	17.613	-0.011	0.000	1474.79	998.67	-0.013	0.0449	0	92.10	8.771	6.138	
13:15:46	0	0.2	17.502	-0.011	0.000	1474.43	998.69	-0.013	0.0436	0	92.20	8.808	6.164	
13:15:47	0	0.2	17.396	-0.011	0.000	1474.08	998.71	-0.013	0.0385	0	92.41	8.845	6.190	
13:15:48	0	0.2	17.304	-0.012	0.000	1473.78	998.72	-0.014	0.0367	0	92.53	8.870	6.208	
13:15:49	0	0.2	17.217	-0.011	0.000	1473.49	998.74	-0.013	0.0524	0	92.35	8.863	6.202	
13:15:50	0	0.2	17.159	-0.011	0.000	1473.30	998.75	-0.013	0.0351	0	92.44	8.883	6.217	
13:15:51	0	0.2	17.111	-0.011	0.000	1473.14	998.76	-0.013	0.0519	0	92.46	8.896	6.226	
13:15:52	0	0.2	17.069	-0.011	0.000	1473.00	998.77	-0.013	0.0861	0	92.64	8.921	6.243	
13:15:53	0	0.2	17.017	-0.011	0.000	1472.83	998.77	-0.013	0.0612	0	92.63	8.929	6.249	
13:15:54	0	0.2	16.951	-0.011	0.000	1472.61	998.79	-0.013	0.0909	0	92.54	8.931	6.250	
13:15:55	0	0.2	16.886	-0.011	0.000	1472.39	998.80	-0.013	0.0073	0	92.63	8.950	6.263	
13:15:56	0	0.2	16.811	-0.011	0.000	1472.14	998.81	-0.013	0.0049	0	89.25	8.630	6.039	
13:15:57	0	0.2	16.740	-0.011	0.000	1471.91	998.82	-0.013	0.2276	0	92.79	8.979	6.284	
13:15:58	0	0.2	16.566	8.805	5.966	1478.29	1003.42	10.591	0.3222	0	92.64	8.654	6.056	
13:15:59	0	0.2	14.306	11.222	8.202	1473.22	1005.52	14.273	0.5061	0	96.97	9.421	6.593	
13:16:00	0	0.7	14.322	11.286	8.249	1473.33	1005.56	14.350	0.5455	0	98.08	9.539	6.675	
13:16:01	0	0.8	14.310	11.205	8.188	1473.22	1005.51	14.251	0.5234	0	99.68	9.695	6.785	
13:16:02	0	0.8	14.284	11.201	8.190	1473.13	1005.52	14.255	0.5220	0	99.50	9.685	6.778	
13:16:03	0	0.8	14.314	11.178	8.166	1473.21	1005.49	14.215	0.5206	0	99.56	9.691	6.782	
13:16:04	0	0.7	14.345	11.377	8.316	1473.49	1005.60	14.456	0.5423	0	99.46	9.666	6.764	
13:16:05	0	0.9	14.336	11.340	8.288	1473.43	1005.59	14.413	0.4854	0	98.77	9.600	6.718	
13:16:06	0	0.8	14.320	11.343	8.295	1473.38	1005.59	14.423	0.4876	0	98.95	9.620	6.732	
13:16:07	0	1.0	14.326	11.353	8.301	1473.41	1005.60	14.434	0.5182	0	98.95	9.618	6.731	
13:16:08	0	1.5	14.282	11.194	8.185	1473.13	1005.52	14.247	0.5366	0	98.98	9.637	6.745	
13:16:09	0	1.9	14.260	11.017	8.049	1472.90	1005.42	14.029	0.5343	0	100.10	9.756	6.827	
13:16:10	0	2.3	14.234	10.841	7.916	1472.66	1005.32	13.814	0.5935	0	100.93	9.852	6.895	
13:16:11	0	2.8	14.235	11.211	8.208	1473.01	1005.55	14.285	0.6212	0	102.31	9.975	6.981	
13:16:12	0	3.3	14.336	11.137	8.128	1473.28	1005.47	14.155	0.6524	0	103.26	10.042	7.028	
13:16:13	0	3.8	14.291	11.446	8.381	1473.43	1005.68	14.564	0.6815	0	104.04	10.126	7.087	
13:16:14	0	4.3	14.374	11.701	8.565	1473.94	1005.81	14.857	0.6734	0	104.69	10.155	7.107	
13:16:15	0	4.7	14.614	12.725	9.321	1475.66	1006.35	16.060	0.8201	0	105.41	10.167	7.115	
13:16:16	0	5.3	15.034	14.627	10.723	1478.74	1007.36	18.266	1.0791	0	105.19	9.942	6.957	
13:16:17	0	5.8	15.016	14.874	10.924	1478.92	1007.52	18.584	1.2913	0	104.07	9.809	6.865	
13:16:18	0	6.3	15.008	15.156	11.151	1479.16	1007.69	18.940	1.4360	0	101.51	9.557	6.688	
13:16:19	0	6.8	15.012	15.339	11.296	1479.35	1007.80	19.166	1.5735	0	99.69	9.377	6.563	
13:16:20	0	7.3	14.929	15.433	11.395	1479.19	1007.90	19.323	1.7126	0	97.56	9.178	6.423	
13:16:21	0	7.9	14.823	15.494	11.475	1478.93	1007.98	19.452	1.7698	0	96.43	9.090	6.362	
13:16:22	0	8.4	14.749	15.573	11.560	1478.79	1008.06	19.588	1.9243	0	95.63	9.026	6.317	
13:16:23	0	9.0	14.697	15.680	11.661	1478.74	1008.15	19.748	1.9460	0	95.05	8.980	6.284	
13:16:24	0	9.5	14.680	15.723	11.702	1478.74	1008.19	19.811	2.0687	0	94.32	8.910	6.236	
13:16:25	0	10.0	14.676	15.733	11.711	1478.74	1008.20	19.826	2.0617	0	93.59	8.842	6.188	
13:16:26	0	10.5	14.675	15.733	11.711	1478.75	1008.20	19.826	2.1701	0	93.16	8.801	6.159	
13:16:27	0	10.7	14.676	15.735	11.712	1478.75	1008.20	19.827	2.0532	1	92.87	8.776	6.142	
13:16:28	0	10.7	14.676	15.736	11.713	1478.76	1008.20	19.828	2.1918	1	92.61	8.748	6.122	
13:16:29	0	10.8	14.676	15.720	11.700	1478.74	1008.19	19.809	2.1135	1	92.48	8.736	6.114	
13:16:30	0	10.8	14.708	15.591	11.586	1478.72	1008.10	19.630	2.2283	1	92.29	8.724	6.105	
13:16:31	0	10.8	14.720	15.589	11.581	1478.76	1008.09	19.621	2.2860	1	92.33	8.727	6.107	
13:16:32	0	10.9	14.716	15.603	11.594	1478.76	1008.10	19.642	2.3976	1	92.25	8.716	6.100	
13:16:33	0	11.1	14.714	15.633	11.619	1478.78	1008.12	19.681	2.2681	1	92.37	8.726	6.107	
13:16:34	0	11.2	14.715	15.633	11.618	1478.79	1008.12	19.680	2.1219	1	92.24	8.713	6.097	
13:16:35	0	11.3	14.713	15.622	11.610	1478.77	1008.12	19.667	2.1962	1	92.46	8.736	6.114	
13:16:36	0	11.4	14.716	15.623	11.610	1478.78	1008.12	19.667	2.0472	1	92.40	8.729	6.109	
13:16:37	0	11.5	14.712	15.662	11.642	1478.81	1008.14	19.718	2.1512	1	92.46	8.732	6.111	
13:16:38	0	11.6	14.706	15.662	11.644	1478.79	1008.15	19.721	2.2065	1	92.63	8.749	6.123	
13:16:39	0	11.7	14.701	15.652	11.638	1478.77	1008.14	19.711	2.2496	1	92.53	8.743	6.119	
13:16:40	0	11.7	14.699	15.671	11.653	1478.78	1008.16	19.736	2.0971	1	92.41	8.730	6.110	
13:16:41	0	11.7	14.698	15.662	11.646	1478.77	1008.15	19.725	2.1376	1	92.27	8.716	6.100	
13:16:42	0	11.7	14.700	15.674	11.656	1478.79	1008.16	19.739	2.2248	1	92.27	8.716	6.100	
13:16:43	0	11.7	14.701	15.680	11.660	1478.80	1008.16	19.746	2.0561	1	92.24	8.712	6.097	
13:16:44	0	11.7	14.705	15.683	11.662	1478.81	1008.16	19.748	1.9790	1	92.01	8.691	6.082	
13:16:45	0	11.6	14.706	15.693	11.669	1478.82	1008.17	19.760	1.9976	1	91.92	8.682	6.076	
13:16:46	0	11.7	14.689	15.718	11.694	1478.80	1008.19	19.799	1.8719	1	91.84	8.674	6.071	
13:16:47	0	11.7	14.691	15.717	11.693	1478.80	1008.19	19.797	2.0280	1	91.77	8.669	6.067	
13:16:48	0	11.7	14.728	15.709	11.675	1478.91	1008.17	19.769	2.0446	0	91.86	8.677	6.072	
13:16:49	0	11.8	14.719	15.706	11.675	1478.88	1008.17	19.769	2.4103	0	91.64	8.653	6.055	
13:16:50	0	11.8	14.708	15.701	11.675	1478.84	1008.17	19.769	1.9480	0	91.69	8.657	6.058	
13:16:51	0	11.8	14.694	15.709	11.685	1478.80	1008.18	19.786	1.8307	0	91.52	8.644	6.050	
13:16:52	0	11.8	14.688	15.717	11.694	1478.79	1008.19	19.799	2.0517	0	91.35	8.629	6.039	
13:16:53	0	11.8	14.687	15.731	11.705	1478.80	1008.20	19.817	2.0733	0	91.32	8.626	6.037	
13:16:54	0	11.7	14.684	15.733	11.708	1478.80	1008.20	19.821	2.1457	0	91.25	8.618	6.031	
13:16:55	0	11.8	14.683	15.737	11.711	1478.80	1008.20	19.826	2.0196	0	91.21	8.617	6.030	
13:16:56	0	11.7	14.680	15.737	11.712	1478.79	1008.20	19.828	2.0122	0	91.18	8.613	6.027	
13:16:57	0	11.7	14.680	15.736	11.711	1478.78	1008.20	19.827	2.1452	0	91.13	8.609	6.025	
13:16:58	0	11.7	14.678	15.739	11.715	1478.78	1008.21	19.832	2.0580	0	91.16	8.612	6.027	
13:16:59	0	11.7	14.679	15.742	11.717	1478.79	1008.21	19.835	2.1394	0	91.15	8.611	6.026	
13:17:00	0	11.7	14.679	15.739	11.714	1478.79	1008.21	19.831	2.1622	0	91.02	8.599	6.018	
13:17:01	0	11.7	14.679	15.739	11.714	1478.79	1008.21	19.831	2.1494	0	91.16	8.611	6.026	
13:17:02	0	11.8	14.679	15.742	11.717	1478.79	1008.21	19.835	1.9502	0	91.13	8.611	6.026	
13:17:03	0	11.7	14.677	15.742	11.718	1478.78	1008.21	19.836	2.0054	0	91.24	8.619	6.032	
13:17:04	0	11.8	14.678	15.746	11.720	1478.79	1008.21	19.840	1.9718	0	91.05	8.602	6.020	
13:17:05	0	11.8	14.679	15.743	11.718	1478.79	1008.21	19.837	2.2927	0	90.99	8.595	6.015	
13:17:06	0	11.8	14.684	15.746	11.718	1478.81	1008.21	19.837	2.3572	0	91.07	8.602	6.020	
13:17:07	0	11.8	14.686	15.748	11.719	1478.82	1008.21	19.839	2.2520	0	90.94	8.589	6.011	
13:17:08	0	11.8	14.684	15.748	11.720	1478.81	1008.21	19.840	2.1916	0	91.08	8.604	6.021	
13:17:09	0	11.7	14.686	15.735	11.709	1478.80	1008.20	19.822	2.2488	0	91.00	8.595	6.015	
13:17:10	0	11.7	14.690	15.737	11.709	1478.82	1008.20	19.823	2.1575	0	90.90	8.585	6.008	
13:17:11	0	11.7	14.688	15.740	11.712	1478.81	1008.20	19.828	2.5474	0	91.00	8.593	6.014	
13:17:12	0	11.8	14.689	15.733	11.707	1478.81	1008.20	19.819	2.1835	0	90.96	8.593	6.014	
13:17:13	0	11.8	14.687	15.738	11.711	1478.81	1008.20	19.826	2.0927	0	91.04	8.600	6.019	
13:17:14	0	11.7	14.687	15.730	11.705	1478.80	1008.20	19.816	2.0416	0	90.95	8.592	6.013	
13:17:15	0	11.7	14.685	15.729	11.704	1478.79	1008.20	19.815	2.1848	0	90.91	8.589	6.011	
13:17:16	0	11.7	14.683	15.736	11.710	1478.80	1008.20	19.825	2.6849	0	90.78	8.574	6.000	
13:17:17	0	11.7	14.685	15.738	11.712	1478.80	1008.20	19.827	2.3056	0	91.11	8.607	6.023	
13:17:18	0	11.7	14.681	15.739	11.714	1478.79	1008.20	19.830	2.1916	0	91.04	8.600	6.019	
13:17:19	0	11.7	14.680	15.738	11.713	1478.79	1008.20	19.829	2.4252	0	90.98	8.595	6.015	
13:17:20	0	11.7	14.680	15.739	11.714	1478.79	1008.20	19.830	2.1851	0	90.96	8.593	6.013	
13:17:21	1	11.7	14.676	15.740	11.716	1478.78	1008.21	19.834	2.1867	0	91.00	8.597	6.017	
13:17:22	1	11.7	14.676	15.743	11.719	1478.78	1008.21	19.838	2.1494	0	90.88	8.585	6.008	
13:17:23	1	11.7	14.676	15.745	11.720	1478.78	1008.21	19.840	2.1354	0	90.87	8.587	6.009	
13:17:24	1	11.7	14.677	15.740	11.716	1478.78	1008.21	19.834	2.2052	0	90.86	8.584	6.008	
13:17:25	2	11.7	14.678	15.741	11.716	1478.78	1008.21	19.834	1.8997	0	90.83	8.581	6.005	
13:17:26	2	11.7	14.677	15.735	11.711	1478.77	1008.20	19.827	2.1684	0	90.78	8.577	6.002	
13:17:27	2	11.7	14.679	15.737	11.712	1478.78	1008.20	19.828	2.2715	0	90.65	8.564	5.993	
13:17:28	2	11.7	14.680	15.738	11.713	1478.79	1008.20	19.829	2.0961	0	90.71	8.570	5.998	
13:17:29	2	11.7	14.679	15.739	11.714	1478.79	1008.21	19.831	2.3159	0	90.69	8.568	5.996	
13:17:30	2	11.7	14.677	15.741	11.717	1478.78	1008.21	19.835	2.0810	0	90.71	8.569	5.997	
13:17:31	2	11.6	14.677	15.733	11.710	1478.77	1008.20	19.825	2.1299	0	90.65	8.565	5.994	
13:17:32	2	11.4	14.682	15.731	11.707	1478.78	1008.20	19.820	2.2068	0	90.64	8.562	5.992	
13:17:33	2	11.0	14.683	15.729	11.705	1478.78	1008.19	19.817	2.1641	0	90.58	8.557	5.988	
13:17:34	2	10.6	14.675	15.733	11.711	1478.75	1008.20	19.826	2.2885	0	90.60	8.559	5.990	
13:17:35	2	10.0	14.675	15.735	11.712	1478.74	1008.20	19.827	2.1380	0	90.43	8.543	5.979	
13:17:36	2	9.6	14.675	15.731	11.709	1478.73	1008.19	19.823	2.1922	0	90.41	8.541	5.977	
13:17:37	2	9.0	14.677	15.728	11.706	1478.72	1008.19	19.818	1.9801	0	90.33	8.534	5.973	
13:17:38	2	8.6	14.676	15.725	11.704	1478.71	1008.18	19.815	2.1447	0	90.42	8.544	5.979	
13:17:39	2	8.0	14.677	15.677	11.665	1478.66	1008.15	19.753	2.0534	0	90.35	8.539	5.976	
13:17:40	2	7.5	14.709	15.551	11.554	1478.63	1008.06	19.579	2.1565	0	90.39	8.546	5.981	
13:17:41	2	7.0	14.822	15.509	11.488	1478.93	1007.99	19.472	2.1095	0	90.44	8.550	5.984	
13:17:42	2	6.6	14.854	15.408	11.397	1478.93	1007.91	19.329	1.9215	0	90.52	8.546	5.981	
13:17:43	2	6.1	14.889	15.345	11.336	1478.97	1007.85	19.232	1.7749	0	90.63	8.549	5.983	
13:17:44	2	5.6	14.926	15.224	11.229	1478.96	1007.76	19.064	1.7443	0	90.73	8.559	5.990	
13:17:45	2	5.1	14.964	14.960	11.007	1478.83	1007.58	18.716	1.6849	0	90.86	8.571	5.998	
13:17:46	2	4.6	14.963	14.335	10.510	1478.24	1007.20	17.934	1.4405	0	91.03	8.611	6.026	
13:17:47	2	4.2	14.937	13.749	10.052	1477.61	1006.85	17.212	1.3470	0	91.04	8.639	6.046	
13:17:48	2	3.6	14.811	13.179	9.632	1476.68	1006.55	16.550	1.1188	0	91.20	8.679	6.074	
13:17:49	2	3.2	14.727	11.510	8.339	1474.88	1005.57	14.485	1.0803	0	91.31	8.792	6.153	
13:17:50	2	2.7	14.472	11.393	8.301	1473.95	1005.58	14.431	0.9875	0	91.91	8.893	6.223	
13:17:51	2	2.7	14.268	10.938	7.985	1472.87	1005.37	13.926	0.7738	0	92.09	8.978	6.283	
13:17:52	2	2.7	14.249	10.980	8.023	1472.85	1005.40	13.986	0.7840	0	92.88	9.047	6.331	
13:17:53	2	2.7	14.195	10.912	7.980	1472.61	1005.38	13.919	0.7039	0	93.61	9.144	6.399	
13:17:54	2	2.7	14.209	10.633	7.757	1472.39	1005.21	13.558	0.5911	0	93.95	9.185	6.428	
13:17:55	2	2.7	14.191	10.618	7.749	1472.32	1005.20	13.545	0.4974	0	94.32	9.228	6.458	
13:17:56	2	2.7	14.195	10.660	7.782	1472.37	1005.23	13.598	0.4832	0	94.37	9.229	6.459	
13:17:57	2	2.7	14.183	10.693	7.810	1472.36	1005.25	13.644	0.4842	0	94.49	9.241	6.467	
13:17:58	2	2.7	14.178	10.636	7.766	1472.30	1005.22	13.573	0.4954	0	94.70	9.266	6.485	
13:17:59	2	2.7	14.169	10.626	7.760	1472.26	1005.21	13.563	0.5190	0	94.75	9.272	6.489	
13:18:00	2	2.7	14.171	10.615	7.751	1472.26	1005.21	13.548	0.5373	0	94.66	9.262	6.482	
13:18:01	2	2.7	14.170	10.618	7.754	1472.25	1005.21	13.553	0.5094	0	94.76	9.275	6.491	
13:18:02	2	2.7	14.170	10.593	7.733	1472.23	1005.19	13.520	0.5048	0	94.65	9.263	6.483	
13:18:03	2	2.7	14.170	10.596	7.736	1472.23	1005.20	13.524	0.5070	0	94.88	9.285	6.498	
13:18:04	2	2.8	14.176	10.603	7.740	1472.26	1005.20	13.531	0.4913	0	94.81	9.275	6.491	
13:18:05	2	2.6	14.189	10.646	7.772	1472.34	1005.22	13.582	0.5106	0	94.76	9.271	6.488	
13:18:06	2	2.7	14.194	10.663	7.784	1472.37	1005.23	13.601	0.5363	0	94.74	9.266	6.484	
13:18:07	2	2.7	14.172	10.662	7.787	1472.30	1005.24	13.607	0.4934	0	94.69	9.259	6.480	
13:18:08	2	2.6	14.170	10.623	7.757	1472.26	1005.21	13.559	0.4999	0	94.79	9.278	6.493	
13:18:09	3	2.6	14.169	10.589	7.731	1472.22	1005.19	13.516	0.5502	0	94.74	9.271	6.488	
13:18:10	3	2.6	14.170	10.580	7.724	1472.22	1005.19	13.504	0.5234	0	94.71	9.270	6.488	
13:18:11	3	2.7	14.176	10.585	7.726	1472.24	1005.19	13.508	0.5338	0	94.65	9.265	6.484	
13:18:12	3	2.7	14.177	10.625	7.757	1472.28	1005.21	13.559	0.5623	0	94.66	9.263	6.483	
13:18:13	3	2.7	14.173	10.605	7.742	1472.25	1005.20	13.535	0.4990	0	94.78	9.272	6.489	
13:18:14	3	2.6	14.180	10.640	7.769	1472.31	1005.22	13.578	0.5074	0	94.84	9.277	6.492	
13:18:15	4	2.6	14.187	10.620	7.752	1472.31	1005.21	13.550	0.5575	0	94.75	9.271	6.488	
13:18:16	4	2.6	14.185	10.654	7.779	1472.34	1005.23	13.593	0.5746	0	94.75	9.268	6.486	
13:18:17	4	2.7	14.166	10.629	7.763	1472.25	1005.22	13.568	0.6440	0	94.76	9.273	6.490	
13:18:18	4	2.7	14.250	10.802	7.882	1472.69	1005.30	13.759	0.6764	0	94.74	9.255	6.477	
13:18:19	4	2.6	14.474	10.930	7.937	1473.53	1005.30	13.843	0.7630	0	94.82	9.218	6.451	
13:18:20	5	2.6	14.606	12.494	9.140	1475.39	1006.20	15.771	0.8862	0	94.78	9.133	6.391	
13:18:21	5	2.6	14.568	12.548	9.192	1475.32	1006.25	15.855	0.9097	0	94.33	9.070	6.348	
13:18:22	5	2.6	14.503	12.351	9.051	1474.93	1006.15	15.632	0.8593	0	94.34	9.088	6.360	
13:18:23	6	2.6	14.345	11.950	8.769	1474.05	1005.96	15.185	0.6963	0	93.93	9.103	6.370	
13:18:24	6	2.6	14.270	11.411	8.359	1473.31	1005.66	14.528	0.6222	0	93.93	9.144	6.399	
13:18:25	6	2.6	14.329	11.468	8.391	1473.55	1005.67	14.578	0.5707	0	94.20	9.154	6.406	
13:18:26	6	2.6	14.271	11.156	8.157	1473.08	1005.50	14.203	0.5832	0	94.20	9.178	6.423	
13:18:27	6	2.6	14.252	11.058	8.084	1472.93	1005.45	14.085	0.5869	0	94.35	9.198	6.437	
13:18:28	6	2.6	14.209	10.854	7.932	1472.60	1005.34	13.840	0.5458	0	94.51	9.225	6.456	
13:18:29	7	2.6	14.199	10.763	7.862	1472.48	1005.29	13.727	0.4970	0	94.45	9.232	6.461	
13:18:30	7	2.6	14.181	10.726	7.836	1472.39	1005.27	13.687	0.5218	0	94.50	9.237	6.464	
13:18:31	7	2.7	14.170	10.664	7.789	1472.30	1005.24	13.611	0.5439	0	94.67	9.261	6.482	
13:18:32	7	2.6	14.177	10.634	7.764	1472.29	1005.22	13.570	0.5695	0	94.56	9.251	6.474	
13:18:33	8	2.6	14.176	10.655	7.781	1472.30	1005.23	13.598	0.4990	0	94.71	9.265	6.484	
13:18:34	8	2.6	14.177	10.656	7.782	1472.31	1005.23	13.599	0.5095	0	94.72	9.266	6.485	
13:18:35	8	2.6	14.187	10.658	7.782	1472.35	1005.23	13.598	0.4985	0	94.75	9.264	6.484	
13:18:36	8	2.5	14.206	10.772	7.867	1472.51	1005.29	13.736	0.6207	0	94.69	9.255	6.477	
13:18:37	9	2.6	14.241	10.922	7.979	1472.76	1005.37	13.916	0.7052	0	94.63	9.232	6.461	
13:18:38	9	2.7	14.377	11.140	8.122	1473.41	1005.46	14.145	0.8277	0	94.78	9.214	6.448	
13:18:39	9	2.7	14.350	11.169	8.151	1473.35	1005.49	14.191	0.6862	0	94.60	9.191	6.432	
13:18:40	9	2.6	14.351	11.266	8.227	1473.44	1005.54	14.314	0.6295	0	94.56	9.188	6.430	
13:18:41	10	2.6	14.241	11.032	8.066	1472.87	1005.44	14.056	0.7759	0	94.53	9.196	6.436	
13:18:42	10	2.6	14.222	10.924	7.984	1472.71	1005.38	13.925	0.5618	0	94.38	9.202	6.440	
13:18:43	10	2.6	14.224	10.875	7.945	1472.67	1005.35	13.862	0.5148	0	94.38	9.211	6.446	
13:18:44	11	2.6	14.214	10.882	7.953	1472.64	1005.36	13.874	0.6058	0	94.54	9.227	6.458	
13:18:45	11	2.6	14.216	10.866	7.940	1472.63	1005.35	13.853	0.6671	0	94.43	9.218	6.451	
13:18:46	11	2.6	14.199	10.825	7.911	1472.54	1005.33	13.807	0.6524	0	94.40	9.220	6.452	
13:18:47	11	2.6	14.204	10.828	7.912	1472.56	1005.33	13.808	0.5823	0	94.57	9.239	6.465	
13:18:48	12	2.6	14.202	10.816	7.903	1472.54	1005.32	13.794	0.5542	0	94.50	9.232	6.461	
13:18:49	12	2.6	14.197	10.795	7.888	1472.50	1005.31	13.769	0.5721	0	94.57	9.237	6.465	
13:18:50	12	2.7	14.198	10.757	7.858	1472.47	1005.29	13.721	0.5963	0	94.54	9.238	6.465	
13:18:51	12	2.6	14.180	10.737	7.845	1472.39	1005.28	13.701	0.6748	0	94.47	9.234	6.462	
13:18:52	12	2.6	14.169	10.729	7.841	1472.35	1005.28	13.695	0.7193	0	94.59	9.244	6.469	
13:18:53	12	2.6	14.166	10.679	7.803	1472.30	1005.25	13.632	0.7773	0	94.66	9.257	6.479	
13:18:54	12	2.7	14.242	10.698	7.802	1472.56	1005.24	13.630	0.8521	0	94.57	9.249	6.472	
13:18:55	12	2.6	14.334	10.744	7.820	1472.90	1005.23	13.656	0.8401	0	94.58	9.237	6.464	
13:18:56	12	2.6	14.260	10.740	7.831	1472.66	1005.25	13.676	0.8358	0	94.65	9.242	6.468	
13:18:57	12	2.7	14.301	10.913	7.960	1472.95	1005.35	13.883	0.7458	0	94.67	9.229	6.459	
13:18:58	12	2.6	14.342	11.024	8.038	1473.19	1005.40	14.009	0.8084	0	94.57	9.205	6.442	
13:18:59	12	2.6	14.267	11.101	8.115	1473.01	1005.47	14.135	0.7281	0	94.46	9.197	6.436	
13:19:00	12	2.6	14.248	11.065	8.090	1472.92	1005.46	14.095	0.8234	0	94.61	9.217	6.451	
13:19:01	12	2.7	14.270	11.047	8.071	1472.98	1005.44	14.064	0.8845	0	94.43	9.202	6.440	
13:19:02	12	2.7	14.316	11.006	8.029	1473.09	1005.40	13.995	0.8686	0	94.58	9.212	6.447	
13:19:03	12	2.6	14.313	11.921	8.753	1473.92	1005.95	15.160	0.9475	0	94.56	9.172	6.419	
13:19:04	12	2.4	14.469	12.367	9.071	1474.83	1006.17	15.665	0.9378	0	94.60	9.145	6.400	
13:19:05	12	2.3	14.552	12.532	9.182	1475.25	1006.24	15.840	0.9938	0	94.48	9.103	6.371	
13:19:06	12	2.1	14.554	12.204	8.923	1474.95	1006.04	15.426	0.8256	0	94.60	9.120	6.383	
13:19:07	12	1.9	14.514	12.553	9.208	1475.14	1006.27	15.883	0.7707	0	94.36	9.077	6.352	
13:19:08	12	1.7	14.534	12.363	9.053	1475.02	1006.14	15.635	0.9798	0	94.08	9.057	6.339	
13:19:09	12	1.5	14.561	12.556	9.200	1475.28	1006.25	15.868	0.8200	0	93.87	9.026	6.317	
13:19:10	12	1.2	14.320	10.797	7.865	1472.88	1005.26	13.729	0.6213	0	93.70	9.143	6.399	
13:19:11	12	0.9	14.240	10.782	7.869	1472.60	1005.28	13.737	0.5757	0	93.93	9.164	6.414	
13:19:12	12	0.7	14.205	10.750	7.850	1472.46	1005.27	13.708	0.5562	0	94.04	9.191	6.432	
13:19:13	12	0.2	14.215	10.806	7.893	1472.53	1005.30	13.777	0.5317	0	94.12	9.194	6.434	
13:19:14	12	0.2	14.222	10.815	7.899	1472.56	1005.30	13.786	0.4766	0	94.27	9.205	6.442	
13:19:15	12	0.2	14.081	1.772	1.155	1464.09	1000.13	2.266	0.4690	0	94.02	9.573	6.700	
13:19:16	12	0.2	13.312	1.581	1.046	1461.18	1000.15	2.064	0.1107	0	94.00	9.642	6.748	
13:19:17	12	0.2	12.777	1.581	1.060	1459.24	1000.23	2.093	0.0233	0	93.54	9.612	6.727	
13:19:18	12	0.2	12.399	1.500	1.013	1457.77	1000.24	2.005	0.1181	0	93.45	9.621	6.733	
13:19:19	12	0.2	12.205	0.812	0.536	1456.47	999.90	1.092	0.0861	0	93.28	9.682	6.776	
13:19:20	12	0.2	12.056	0.977	0.653	1456.05	1000.00	1.318	0.3605	0	93.19	9.704	6.791	
13:19:21	12	0.1	11.918	1.062	0.714	1455.60	1000.07	1.438	0.2658	0	92.86	9.685	6.778	
13:19:22	12	0.2	11.782	0.739	0.491	1454.81	999.91	1.004	0.0874	0	92.44	9.655	6.757	
13:19:23	12	0.2	12.009	1.201	0.810	1456.07	1000.13	1.622	0.0821	0	92.34	9.632	6.741	
13:19:24	12	0.2	11.826	0.527	0.346	1454.80	999.79	0.716	0.2591	0	92.75	9.739	6.816	
13:19:25	12	0.2	11.713	0.433	0.283	1454.29	999.75	0.590	0.1653	0	91.76	9.589	6.711	
13:19:26	12	0.2	11.624	0.357	0.233	1453.90	999.72	0.488	0.1075	0	93.40	9.768	6.836	
