Data Start: 2024-06-13 11:00:38
Data End: 2024-06-13 11:06:17
Devicename: Multi Water Sampler MWS
IdentNo.: 622

Bottle []
Range1: 0 to 12

Pressure [dbar]
Range1: 0.0 to 3000.0  Cal0: -2.93953E+3  Cal1: 1.37878E-1  Cal2: -1.133042E-6  Cal3: -5.948781E-1  Cal4: 5.712566E-5  Cal5: -5.11527E-10  Cal6: 8.693823E-1  Cal7: 6.172426E-2  Cal8: -4.380532E-9

Temperature [°C] ( averaging = 3 )
Range1: -2.00 to 32.00  Cal0: -2.13158E+0  Cal1: 5.84337E-4  Cal2: 0E+0

Conductivity [mS/cm]
Range1: 0.000 to 65.000  Cal0: -3.33499E-2  Cal1: 1.11275E-3  Cal2: 5.10719E-11

Salinity [PSU] ( averaging = 3 )
Range1: 0.000 to 94.000

Sound Vel. [m/s]
Range1: 1400.00 to 1600.00

Density [kg/m³]
Range1: 900.00 to 1100.00

Spec. Cond. [mS/cm]
Range1: 0.000 to 65.000

Chlorophyll a [µg/l] ( averaging = 3 )
Range1: 0.0000 to 5.0000  Cal0: 0E+0  Cal1: 8.00128E-5
Range2: 0.0000 to 15.0000  Cal2: 0E+0  Cal3: 2.400384E-4
Range3: 0.0000 to 50.0000  Cal4: 0E+0  Cal5: 8.00128E-4
Range4: 0.0000 to 150.0000  Cal6: 0E+0  Cal7: 2.400384E-3

Bottom Alarm []
Range1: 0 to 1

Oxygen [% a.s.] ( averaging = 3 )
Range1: 0.00 to 240.00  Cal0: 2.1698E-2  Cal1: 9.99659E-3  Cal2: -9.99996E+0  Cal3: 9.99922E-4  Cal4: -1.6275E-1  Cal5: 9.90109E-1  Cal6: 2.354367E+1  Cal7: 1E+0  Cal8: 9.094667E-1  Cal9: 5E-5  Cal10: 1.0134E+3

Oxygen [mg/l]
Range1: 0.000 to 35.000

Oxygen [ml/l]
Range1: 0.000 to 24.000

Header Comment

Ship:		
Cruise:		
Station:		
Cast:		
Position:		
Operator:		


Time [hh:mm:ss]	Bottle []	Pressure [dbar]	Temperature [°C]	Conductivity [mS/cm]	Salinity [PSU]	Sound Vel. [m/s]	Density [kg/m³]	Spec. Cond. [mS/cm]	Chlorophyll a [µg/l]	Bottom Alarm []	Oxygen [% a.s.]	Oxygen [mg/l]	Oxygen [ml/l]	Comments  [Index]
11:00:38	0	0.3	12.46	-0.013	0.000	1456.76	999.45	-0.018	0.0598	1	92.52	9.832	6.881	
11:00:39	0	0.3	12.47	-0.012	0.000	1456.81	999.45	-0.016	0.0573	1	92.61	9.839	6.886	
11:00:40	0	0.3	12.49	-0.012	0.000	1456.86	999.44	-0.016	0.0581	1	92.60	9.833	6.882	
11:00:41	0	0.3	12.51	-0.012	0.000	1456.94	999.44	-0.016	0.0576	1	92.63	9.836	6.884	
11:00:42	0	0.3	12.53	-0.012	0.000	1457.03	999.44	-0.016	0.0591	1	92.59	9.826	6.876	
11:00:43	0	0.3	12.55	-0.012	0.000	1457.10	999.44	-0.016	0.0591	1	92.58	9.824	6.875	
11:00:44	0	0.3	12.57	-0.012	0.000	1457.18	999.43	-0.016	0.0594	1	92.55	9.819	6.872	
11:00:45	0	0.3	12.59	-0.012	0.000	1457.25	999.43	-0.016	0.0587	1	92.55	9.816	6.869	
11:00:46	0	0.3	12.61	-0.013	0.000	1457.32	999.43	-0.018	0.0583	1	92.56	9.817	6.870	
11:00:47	0	0.3	12.62	-0.012	0.000	1457.37	999.43	-0.016	0.0577	1	92.56	9.815	6.869	
11:00:48	0	0.3	12.64	-0.012	0.000	1457.42	999.43	-0.016	0.0592	1	92.52	9.812	6.867	
11:00:49	0	0.3	12.65	-0.012	0.000	1457.45	999.42	-0.016	0.0598	1	92.47	9.804	6.861	
11:00:50	0	0.3	12.66	-0.012	0.000	1457.49	999.42	-0.016	0.0601	1	92.45	9.801	6.859	
11:00:51	0	0.3	12.67	-0.012	0.000	1457.53	999.42	-0.016	0.0589	1	92.46	9.803	6.860	
11:00:52	0	0.3	12.68	-0.013	0.000	1457.56	999.42	-0.018	0.0573	1	92.48	9.801	6.859	
11:00:53	0	0.3	12.68	-0.012	0.000	1457.60	999.42	-0.016	0.0575	1	92.51	9.804	6.861	
11:00:54	0	0.3	12.69	-0.012	0.000	1457.60	999.42	-0.016	0.0578	1	92.51	9.804	6.861	
11:00:55	0	0.3	12.67	-0.012	0.000	1457.56	999.42	-0.016	0.0589	1	92.49	9.805	6.862	
11:00:56	0	0.3	12.66	-0.012	0.000	1457.51	999.42	-0.016	0.0582	1	92.50	9.805	6.862	
11:00:57	0	0.3	12.66	-0.012	0.000	1457.49	999.42	-0.016	0.0577	1	92.49	9.804	6.861	
11:00:58	0	0.3	12.66	-0.012	0.000	1457.52	999.42	-0.016	0.0567	1	92.53	9.807	6.864	
11:00:59	0	0.3	12.67	-0.012	0.000	1457.55	999.42	-0.016	0.0577	1	92.47	9.799	6.858	
11:01:00	0	0.3	12.68	-0.012	0.000	1457.58	999.42	-0.016	0.0592	1	92.45	9.796	6.856	
11:01:01	0	0.3	12.69	-0.012	0.000	1457.60	999.42	-0.016	0.0606	1	92.45	9.795	6.855	
11:01:02	0	0.3	12.69	-0.012	0.000	1457.61	999.42	-0.016	0.0608	1	92.46	9.796	6.856	
11:01:03	0	0.3	12.69	-0.012	0.000	1457.63	999.42	-0.016	0.0598	1	92.51	9.800	6.858	
11:01:04	0	0.3	12.70	-0.012	0.000	1457.65	999.42	-0.016	0.0592	1	92.51	9.800	6.858	
11:01:05	0	0.3	12.71	-0.012	0.000	1457.68	999.42	-0.016	0.0584	1	92.52	9.799	6.858	
11:01:06	0	0.3	12.71	-0.012	0.000	1457.69	999.42	-0.016	0.0575	1	92.52	9.800	6.858	
11:01:07	0	0.3	12.71	-0.012	0.000	1457.71	999.42	-0.016	0.0566	1	92.53	9.799	6.858	
11:01:08	0	0.3	12.72	-0.012	0.000	1457.73	999.42	-0.016	0.0569	1	92.54	9.799	6.857	
11:01:09	0	0.3	12.73	-0.013	0.000	1457.76	999.41	-0.018	0.0577	1	92.53	9.800	6.858	
11:01:10	0	0.3	12.74	-0.012	0.000	1457.79	999.41	-0.016	0.0588	1	92.48	9.791	6.852	
11:01:11	0	0.3	12.74	-0.012	0.000	1457.81	999.41	-0.016	0.0593	1	92.47	9.790	6.852	
11:01:12	0	0.3	12.75	-0.012	0.000	1457.83	999.41	-0.016	0.0595	1	92.44	9.784	6.848	
11:01:13	0	0.3	12.76	-0.012	0.000	1457.86	999.41	-0.016	0.0588	1	92.44	9.784	6.847	
11:01:14	0	0.3	12.76	-0.012	0.000	1457.87	999.41	-0.016	0.0577	1	92.46	9.785	6.848	
11:01:15	0	0.3	12.76	-0.012	0.000	1457.86	999.41	-0.016	0.0567	1	92.47	9.788	6.850	
11:01:16	0	0.3	12.75	-0.012	0.000	1457.85	999.41	-0.016	0.0578	1	92.49	9.790	6.852	
11:01:17	0	0.3	12.75	-0.012	0.000	1457.83	999.41	-0.016	0.0582	1	92.48	9.788	6.850	
11:01:18	0	0.3	12.73	-0.012	0.000	1457.76	999.41	-0.016	0.0599	1	92.48	9.790	6.851	
11:01:19	0	0.3	12.71	-0.012	0.000	1457.67	999.42	-0.016	0.0581	1	92.47	9.795	6.855	
11:01:20	0	0.3	12.69	-0.012	0.000	1457.61	999.42	-0.016	0.0592	1	92.48	9.797	6.856	
11:01:21	0	0.3	12.68	-0.012	0.000	1457.58	999.42	-0.016	0.0585	1	92.46	9.795	6.855	
11:01:22	0	0.3	12.67	-0.013	0.000	1457.54	999.42	-0.018	0.0594	1	92.48	9.800	6.858	
11:01:23	0	0.3	12.64	-0.012	0.000	1457.42	999.43	-0.016	0.0566	1	92.44	9.798	6.857	
11:01:24	0	0.3	12.56	-0.012	0.000	1457.15	999.43	-0.016	0.0584	1	92.49	9.809	6.865	
11:01:25	0	0.3	12.47	-0.012	0.000	1456.79	999.45	-0.016	0.0584	1	92.47	9.814	6.868	
11:01:26	0	0.3	12.34	-0.012	0.000	1456.30	999.46	-0.016	0.0599	1	92.53	9.835	6.883	
11:01:27	0	0.3	12.19	-0.012	0.000	1455.77	999.48	-0.016	0.0572	1	92.55	9.862	6.902	
11:01:28	0	0.3	12.06	-0.012	0.000	1455.28	999.49	-0.016	0.0569	1	92.64	9.887	6.919	
11:01:29	0	0.3	11.96	-0.012	0.000	1454.87	999.51	-0.017	0.0574	0	92.71	9.904	6.931	
11:01:30	0	0.3	11.87	-0.012	0.000	1454.54	999.52	-0.017	0.0581	0	92.75	9.922	6.944	
11:01:31	0	0.3	11.77	-0.012	0.000	1454.15	999.53	-0.017	0.0579	0	92.75	9.939	6.955	
11:01:32	0	0.3	11.68	-0.012	0.000	1453.80	999.54	-0.017	0.0582	0	92.77	9.949	6.963	
11:01:33	0	0.3	11.58	-0.012	0.000	1453.43	999.55	-0.017	0.0583	0	92.82	9.972	6.979	
11:01:34	0	0.3	11.49	-0.012	0.000	1453.09	999.56	-0.017	0.0589	0	92.88	10.007	7.003	
11:01:35	0	0.3	11.42	-0.012	0.000	1452.82	999.57	-0.017	0.0592	0	92.98	10.029	7.019	
11:01:36	0	0.3	11.37	-0.012	0.000	1452.65	999.57	-0.017	0.0589	0	93.05	10.042	7.028	
11:01:37	0	0.3	11.36	-0.012	0.000	1452.58	999.57	-0.017	0.0600	0	93.07	10.060	7.040	
11:01:38	0	0.3	11.32	-0.012	0.000	1452.45	999.58	-0.017	0.0578	0	93.09	10.082	7.056	
11:01:39	0	0.2	11.28	-0.012	0.000	1452.29	999.58	-0.017	0.0585	0	93.13	10.098	7.067	
11:01:40	0	0.3	11.23	-0.011	0.000	1452.09	999.59	-0.015	0.0569	0	93.21	10.121	7.083	
11:01:41	0	0.3	11.18	-0.012	0.000	1451.89	999.59	-0.017	0.0587	0	93.26	10.134	7.092	
11:01:42	0	0.3	11.13	-0.012	0.000	1451.73	999.59	-0.017	0.0587	0	93.27	10.139	7.096	
11:01:43	0	0.2	11.10	-0.012	0.000	1451.59	999.60	-0.017	0.0575	0	93.30	10.150	7.104	
11:01:44	0	0.2	11.08	-0.012	0.000	1451.53	999.60	-0.017	0.0858	0	93.33	10.161	7.111	
11:01:45	0	0.2	11.80	10.375	2.683	1457.54	1001.61	14.099	0.9951	0	94.63	10.127	7.087	
11:01:46	0	0.9	12.99	10.401	5.289	1465.11	1003.48	13.688	2.0401	0	96.14	9.456	6.618	
11:01:47	0	0.9	14.18	10.394	7.814	1472.34	1005.25	13.264	3.0797	0	97.82	9.469	6.627	
11:01:48	0	1.4	14.66	10.401	7.627	1473.80	1005.03	13.112	3.2392	0	98.21	9.519	6.662	
11:01:49	0	2.1	14.66	10.402	7.517	1473.69	1004.95	13.113	3.3342	0	98.35	9.533	6.672	
11:01:50	0	1.9	14.66	10.398	7.487	1473.64	1004.92	13.108	3.3863	0	98.25	9.528	6.668	
11:01:51	0	1.7	14.66	10.372	7.480	1473.61	1004.92	13.077	3.3899	0	98.09	9.518	6.661	
11:01:52	0	1.8	14.65	10.388	7.477	1473.59	1004.92	13.099	3.3621	0	97.90	9.496	6.646	
11:01:53	0	2.1	14.65	10.395	7.477	1473.60	1004.92	13.108	3.2807	0	97.81	9.486	6.639	
11:01:54	0	2.2	14.66	10.400	7.484	1473.62	1004.92	13.113	3.2735	0	97.76	9.481	6.635	
11:01:55	0	1.5	14.66	10.400	7.487	1473.62	1004.92	13.112	3.2229	0	97.62	9.472	6.629	
11:01:56	0	1.9	14.66	10.403	7.489	1473.63	1004.92	13.116	3.1653	0	97.23	9.430	6.600	
11:01:57	0	2.7	14.66	10.400	7.488	1473.65	1004.93	13.111	3.1350	0	96.83	9.390	6.572	
11:01:58	0	2.6	14.66	10.402	7.488	1473.66	1004.93	13.113	3.1486	0	96.55	9.363	6.553	
11:01:59	0	2.8	14.66	10.403	7.488	1473.66	1004.93	13.114	3.2862	0	96.44	9.353	6.546	
11:02:00	0	3.5	14.66	10.403	7.489	1473.68	1004.93	13.114	3.2968	0	96.43	9.351	6.544	
11:02:01	0	4.1	14.66	10.401	7.488	1473.69	1004.93	13.111	3.3361	0	96.48	9.356	6.548	
11:02:02	0	4.5	14.67	10.402	7.488	1473.70	1004.93	13.112	3.3172	0	96.60	9.367	6.556	
11:02:03	0	5.2	14.67	10.404	7.488	1473.71	1004.94	13.114	3.3925	0	96.66	9.372	6.559	
11:02:04	0	5.9	14.67	10.404	7.488	1473.73	1004.94	13.114	3.3815	0	96.70	9.376	6.562	
11:02:05	0	6.3	14.67	10.404	7.489	1473.75	1004.94	13.113	3.4923	0	96.74	9.379	6.564	
11:02:06	0	6.9	14.67	10.404	7.488	1473.76	1004.95	13.113	3.6619	0	96.73	9.377	6.563	
11:02:07	0	7.5	14.67	10.405	7.488	1473.77	1004.95	13.114	3.6245	0	96.62	9.367	6.555	
11:02:08	0	8.1	14.67	10.407	7.489	1473.77	1004.95	13.116	3.4880	0	96.48	9.355	6.547	
11:02:09	0	8.6	14.67	10.405	7.489	1473.78	1004.95	13.115	3.4909	0	96.37	9.343	6.538	
11:02:10	0	9.1	14.67	10.404	7.489	1473.79	1004.96	13.114	3.7128	0	96.28	9.335	6.533	
11:02:11	0	9.6	14.66	10.398	7.487	1473.76	1004.96	13.108	3.9399	0	96.11	9.323	6.525	
11:02:12	0	10.2	14.65	10.399	7.487	1473.74	1004.96	13.113	4.0050	0	95.93	9.305	6.512	
11:02:13	0	10.7	14.64	10.399	7.487	1473.71	1004.97	13.116	4.0376	0	95.72	9.287	6.499	
11:02:14	0	11.1	14.64	10.396	7.488	1473.71	1004.97	13.114	3.9870	0	95.53	9.268	6.486	
11:02:15	0	11.6	14.64	10.396	7.488	1473.72	1004.97	13.114	4.0204	0	95.34	9.249	6.473	
11:02:16	0	12.1	14.64	10.396	7.488	1473.72	1004.97	13.115	3.9789	0	95.10	9.228	6.458	
11:02:17	0	12.6	14.64	10.396	7.488	1473.73	1004.98	13.115	3.9947	0	94.95	9.214	6.449	
11:02:18	0	13.1	14.64	10.398	7.488	1473.73	1004.98	13.117	3.8798	0	94.79	9.199	6.438	
11:02:19	0	13.5	14.63	10.398	7.489	1473.74	1004.98	13.117	3.8056	0	94.69	9.187	6.429	
11:02:20	0	14.0	14.63	10.396	7.489	1473.74	1004.98	13.115	3.7082	0	94.51	9.171	6.418	
11:02:21	0	14.6	14.64	10.400	7.489	1473.76	1004.99	13.119	3.6655	0	94.41	9.162	6.412	
11:02:22	0	15.1	14.64	10.398	7.489	1473.77	1004.99	13.116	3.6679	0	94.35	9.156	6.408	
11:02:23	0	15.6	14.64	10.398	7.489	1473.78	1004.99	13.116	3.7310	0	94.31	9.152	6.405	
11:02:24	0	16.1	14.63	10.398	7.489	1473.78	1004.99	13.117	3.6823	0	94.23	9.142	6.398	
11:02:25	0	16.5	14.63	10.396	7.489	1473.79	1005.00	13.115	3.6498	0	94.09	9.130	6.390	
11:02:26	0	17.0	14.63	10.396	7.488	1473.79	1005.00	13.116	3.5159	0	94.04	9.123	6.385	
11:02:27	0	17.6	14.63	10.395	7.488	1473.79	1005.00	13.115	3.4694	0	93.98	9.119	6.382	
11:02:28	0	18.0	14.63	10.396	7.488	1473.80	1005.00	13.117	3.4273	0	93.99	9.122	6.384	
11:02:29	0	18.5	14.63	10.394	7.488	1473.80	1005.01	13.115	3.4093	0	93.91	9.114	6.378	
11:02:30	0	19.0	14.62	10.392	7.488	1473.78	1005.01	13.114	3.3403	0	93.81	9.107	6.373	
11:02:31	0	19.6	14.61	10.391	7.487	1473.76	1005.01	13.116	3.2991	0	93.66	9.094	6.365	
11:02:32	0	20.0	14.60	10.384	7.487	1473.72	1005.02	13.112	3.2322	0	93.58	9.090	6.361	
11:02:33	0	20.4	14.57	10.371	7.484	1473.61	1005.02	13.105	3.0875	0	93.43	9.083	6.356	
11:02:34	0	21.0	14.53	10.359	7.481	1473.48	1005.03	13.103	2.9149	0	93.22	9.070	6.348	
11:02:35	0	21.6	14.42	10.293	7.469	1473.10	1005.04	13.056	2.8406	0	92.70	9.042	6.328	
11:02:36	0	22.0	14.26	10.174	7.437	1472.51	1005.04	12.957	2.7810	0	91.76	9.004	6.302	
11:02:37	0	22.4	13.25	9.615	7.322	1468.81	1005.11	12.568	2.5712	0	88.64	9.012	6.307	
11:02:38	0	23.0	12.13	9.575	7.277	1464.68	1005.24	12.894	2.4688	0	80.77	8.507	5.953	
11:02:39	0	23.5	11.05	9.631	7.341	1460.73	1005.42	13.358	2.1750	0	69.96	7.379	5.164	
11:02:40	0	24.0	10.81	9.664	7.514	1460.04	1005.59	13.492	1.9857	0	57.45	6.078	4.254	
11:02:41	0	24.1	10.77	9.689	7.638	1460.04	1005.69	13.543	1.7738	0	48.12	5.078	3.554	
11:02:42	0	24.4	10.80	9.783	7.698	1460.23	1005.74	13.662	1.7924	0	41.19	4.337	3.035	
11:02:43	0	24.6	10.85	9.961	7.780	1460.51	1005.79	13.894	1.8655	0	37.80	3.966	2.776	
11:02:44	0	24.7	10.90	9.947	7.844	1460.78	1005.84	13.853	1.8660	1	36.41	3.792	2.654	
11:02:45	0	24.9	10.92	9.900	7.869	1460.91	1005.86	13.778	1.8969	1	36.34	3.796	2.656	
11:02:46	0	25.1	11.25	10.188	7.904	1462.18	1005.84	14.054	1.9229	1	37.09	3.857	2.699	
11:02:47	0	25.3	11.65	10.588	8.031	1463.85	1005.89	14.444	1.9410	1	39.56	4.037	2.826	
11:02:48	0	25.3	12.05	10.531	8.128	1465.43	1005.91	14.214	2.1136	1	44.53	4.533	3.172	
11:02:49	0	25.4	12.19	10.537	8.158	1465.99	1005.92	14.167	2.2714	1	50.17	5.110	3.576	
11:02:50	0	25.4	12.23	10.527	8.098	1466.09	1005.87	14.136	2.4440	1	54.94	5.598	3.917	
11:02:51	0	25.3	12.27	10.538	8.084	1466.21	1005.85	14.136	2.4536	1	57.49	5.853	4.096	
11:02:52	0	25.4	12.28	10.556	8.083	1466.22	1005.85	14.159	2.4251	1	59.42	6.048	4.233	
11:02:53	0	25.4	12.28	10.551	8.087	1466.23	1005.85	14.152	2.3520	1	60.74	6.181	4.326	
11:02:54	0	25.3	12.29	10.579	8.097	1466.28	1005.86	14.186	2.3704	1	61.81	6.288	4.400	
11:02:55	0	25.3	12.30	10.566	8.098	1466.31	1005.86	14.165	2.4319	1	62.67	6.376	4.462	
11:02:56	1	25.3	12.31	10.587	8.106	1466.36	1005.86	14.189	2.4684	1	63.33	6.440	4.507	
11:02:57	1	25.4	12.31	10.581	8.105	1466.38	1005.86	14.179	2.4876	1	63.80	6.487	4.540	
11:02:58	1	25.4	12.31	10.598	8.113	1466.38	1005.87	14.203	2.4741	1	64.15	6.523	4.565	
11:02:59	1	25.4	12.29	10.598	8.117	1466.31	1005.87	14.211	2.4986	1	64.45	6.552	4.585	
11:03:00	1	25.5	12.28	10.593	8.123	1466.28	1005.88	14.207	2.4792	1	64.71	6.579	4.604	
11:03:01	1	25.4	12.28	10.566	8.116	1466.28	1005.87	14.171	2.4703	1	64.97	6.605	4.623	
11:03:02	1	25.4	12.30	10.576	8.109	1466.35	1005.87	14.175	2.4158	1	65.17	6.625	4.637	
11:03:03	1	25.4	12.32	10.591	8.106	1466.40	1005.86	14.192	2.2853	1	65.33	6.643	4.649	
11:03:04	1	25.5	12.32	10.598	8.112	1466.41	1005.87	14.200	2.2044	1	65.39	6.650	4.654	
11:03:05	1	25.3	12.31	10.582	8.113	1466.38	1005.87	14.182	2.2283	1	65.41	6.656	4.658	
11:03:06	1	25.0	12.27	10.309	8.038	1466.15	1005.81	13.828	2.3538	1	65.32	6.650	4.654	
11:03:07	1	24.8	12.23	10.411	7.993	1465.95	1005.78	13.981	2.4377	0	65.20	6.647	4.652	
11:03:08	1	24.5	12.22	10.503	7.978	1465.87	1005.77	14.111	2.4177	0	64.95	6.626	4.637	
11:03:09	1	23.9	12.00	10.020	7.917	1465.00	1005.75	13.539	2.3364	0	64.60	6.596	4.616	
11:03:10	1	23.3	11.59	9.696	7.763	1463.27	1005.68	13.249	2.2870	0	62.93	6.526	4.567	
11:03:11	1	22.9	11.14	9.645	7.599	1461.37	1005.61	13.344	2.2232	0	59.66	6.268	4.387	
11:03:12	1	22.4	10.92	9.617	7.560	1460.49	1005.60	13.385	2.1025	0	54.39	5.722	4.005	
11:03:13	1	22.0	10.91	9.611	7.583	1460.48	1005.62	13.381	2.0507	0	49.23	5.179	3.624	
11:03:14	1	21.6	10.95	9.780	7.634	1460.68	1005.65	13.600	2.0366	0	45.40	4.763	3.334	
11:03:15	1	21.1	11.70	10.167	7.734	1463.62	1005.64	13.850	2.1871	0	43.81	4.557	3.189	
11:03:16	1	20.7	12.61	10.128	7.762	1466.98	1005.53	13.465	2.3953	0	44.76	4.531	3.171	
11:03:17	1	20.3	13.66	10.305	7.723	1470.71	1005.35	13.328	2.6297	0	48.40	4.794	3.355	
11:03:18	1	19.8	14.03	10.333	7.611	1471.87	1005.20	13.237	2.8216	0	54.28	5.326	3.727	
11:03:19	1	19.3	14.30	10.333	7.554	1472.74	1005.11	13.147	2.9412	0	61.36	6.004	4.202	
11:03:20	1	18.9	14.41	10.322	7.510	1473.07	1005.06	13.096	3.0647	0	67.82	6.621	4.633	
11:03:21	1	18.5	14.48	10.368	7.490	1473.30	1005.03	13.129	3.2207	0	73.37	7.145	5.001	
11:03:22	1	18.1	14.51	10.360	7.483	1473.38	1005.02	13.110	3.2720	0	77.34	7.528	5.268	
11:03:23	1	17.4	14.54	10.369	7.487	1473.47	1005.01	13.112	3.4245	0	80.81	7.867	5.506	
11:03:24	1	16.9	14.56	10.369	7.483	1473.54	1005.00	13.103	3.5481	0	83.55	8.122	5.684	
11:03:25	1	16.6	14.58	10.372	7.481	1473.60	1005.00	13.102	3.8131	0	85.88	8.346	5.841	
11:03:26	1	16.3	14.59	10.372	7.479	1473.60	1005.00	13.101	3.7879	0	87.39	8.493	5.944	
11:03:27	1	16.1	14.59	10.378	7.480	1473.61	1005.00	13.107	3.8275	0	88.55	8.601	6.019	
11:03:28	1	15.9	14.59	10.378	7.481	1473.62	1004.99	13.106	3.8209	0	89.32	8.674	6.070	
11:03:29	1	15.8	14.60	10.374	7.480	1473.64	1004.99	13.099	3.9360	0	89.83	8.724	6.105	
11:03:30	1	15.7	14.61	10.373	7.478	1473.66	1004.99	13.095	3.9273	0	90.18	8.755	6.127	
11:03:31	1	15.7	14.61	10.374	7.476	1473.69	1004.99	13.094	3.6847	0	90.46	8.782	6.146	
11:03:32	1	15.6	14.62	10.379	7.476	1473.69	1004.99	13.099	3.6976	0	90.72	8.809	6.165	
11:03:33	1	15.6	14.62	10.380	7.477	1473.70	1004.99	13.100	3.6452	0	90.90	8.826	6.177	
11:03:34	1	15.6	14.62	10.380	7.478	1473.72	1004.99	13.098	3.8538	0	91.06	8.839	6.186	
11:03:35	1	15.6	14.63	10.383	7.478	1473.73	1004.99	13.101	3.9311	0	91.16	8.847	6.192	
11:03:36	1	15.6	14.63	10.383	7.479	1473.74	1004.99	13.101	4.0450	0	91.27	8.862	6.202	
11:03:37	1	15.6	14.63	10.384	7.479	1473.74	1004.99	13.102	4.1646	0	91.31	8.864	6.203	
11:03:38	1	15.6	14.63	10.386	7.480	1473.74	1004.99	13.105	4.2062	0	91.43	8.874	6.211	
11:03:39	1	15.6	14.63	10.384	7.481	1473.73	1004.99	13.103	4.2095	0	91.49	8.885	6.218	
11:03:40	1	15.6	14.63	10.386	7.481	1473.74	1004.99	13.105	4.1087	0	91.67	8.898	6.228	
11:03:41	1	15.7	14.63	10.385	7.481	1473.74	1004.99	13.103	4.1213	0	91.81	8.909	6.235	
11:03:42	2	15.4	14.63	10.389	7.482	1473.74	1004.99	13.108	4.1514	0	91.96	8.927	6.248	
11:03:43	2	15.6	14.63	10.390	7.483	1473.74	1004.99	13.109	4.1187	0	92.11	8.939	6.256	
11:03:44	2	15.7	14.63	10.388	7.483	1473.75	1004.99	13.105	4.0463	0	92.21	8.948	6.262	
11:03:45	2	15.6	14.63	10.390	7.483	1473.76	1004.99	13.107	4.1019	0	92.30	8.957	6.268	
11:03:46	2	15.6	14.63	10.392	7.483	1473.76	1004.99	13.110	4.2529	0	92.29	8.958	6.269	
11:03:47	2	15.6	14.63	10.391	7.484	1473.76	1004.99	13.108	4.3944	0	92.28	8.957	6.268	
11:03:48	3	15.5	14.64	10.386	7.483	1473.76	1004.99	13.103	4.3805	0	92.28	8.955	6.267	
11:03:49	3	15.5	14.64	10.389	7.482	1473.77	1004.99	13.105	4.3013	0	92.32	8.959	6.270	
11:03:50	3	15.6	14.64	10.392	7.482	1473.77	1004.99	13.109	4.2584	0	92.42	8.968	6.276	
11:03:51	3	15.5	14.64	10.391	7.483	1473.78	1004.99	13.107	4.2138	0	92.44	8.970	6.278	
11:03:52	3	15.6	14.64	10.390	7.483	1473.78	1004.99	13.106	4.1278	0	92.46	8.972	6.279	
11:03:53	3	15.5	14.64	10.388	7.482	1473.78	1004.99	13.103	4.0774	0	92.41	8.967	6.276	
11:03:54	3	15.5	14.64	10.392	7.482	1473.78	1004.99	13.108	4.1559	0	92.44	8.970	6.278	
11:03:55	3	15.5	14.64	10.392	7.483	1473.78	1004.99	13.108	4.3309	0	92.44	8.969	6.277	
11:03:56	3	15.5	14.64	10.390	7.483	1473.78	1004.99	13.105	4.3351	0	92.48	8.973	6.279	
11:03:57	3	15.6	14.64	10.389	7.482	1473.78	1004.99	13.104	4.2524	0	92.45	8.972	6.279	
11:03:58	3	15.4	14.64	10.392	7.482	1473.78	1004.99	13.108	4.1749	0	92.49	8.973	6.280	
11:03:59	3	15.2	14.64	10.393	7.483	1473.77	1004.98	13.110	4.1570	0	92.51	8.978	6.283	
11:04:00	3	15.0	14.64	10.392	7.484	1473.77	1004.99	13.108	4.2352	0	92.57	8.982	6.286	
11:04:01	3	14.9	14.64	10.392	7.484	1473.77	1004.98	13.108	4.3024	0	92.53	8.978	6.283	
11:04:02	3	14.7	14.64	10.393	7.484	1473.77	1004.98	13.109	4.2876	0	92.47	8.972	6.279	
11:04:03	3	14.6	14.64	10.392	7.484	1473.77	1004.98	13.108	4.2673	0	92.42	8.968	6.276	
11:04:04	3	14.4	14.64	10.393	7.484	1473.77	1004.98	13.109	4.3255	0	92.47	8.970	6.277	
11:04:05	3	14.1	14.64	10.393	7.484	1473.76	1004.98	13.109	4.3677	0	92.52	8.977	6.283	
11:04:06	3	14.0	14.64	10.393	7.485	1473.76	1004.98	13.109	4.3000	0	92.57	8.982	6.286	
11:04:07	3	13.9	14.64	10.393	7.484	1473.76	1004.98	13.109	4.2110	0	92.48	8.973	6.280	
11:04:08	3	13.6	14.64	10.394	7.485	1473.76	1004.98	13.110	4.1948	0	92.49	8.974	6.280	
11:04:09	3	13.4	14.64	10.393	7.484	1473.76	1004.98	13.108	4.2595	0	92.46	8.971	6.278	
11:04:10	3	13.2	14.65	10.393	7.484	1473.76	1004.98	13.108	4.2844	0	92.53	8.977	6.283	
11:04:11	3	13.1	14.65	10.394	7.484	1473.77	1004.97	13.108	4.2442	0	92.53	8.977	6.282	
11:04:12	3	12.8	14.65	10.395	7.484	1473.77	1004.97	13.110	4.2710	0	92.55	8.976	6.282	
11:04:13	3	12.6	14.65	10.395	7.485	1473.77	1004.97	13.109	4.2680	0	92.60	8.985	6.288	
11:04:14	3	12.4	14.65	10.394	7.485	1473.76	1004.97	13.108	4.3297	0	92.62	8.984	6.287	
11:04:15	3	12.2	14.65	10.394	7.484	1473.76	1004.97	13.108	4.3048	0	92.65	8.988	6.290	
11:04:16	3	12.1	14.65	10.394	7.484	1473.76	1004.97	13.108	4.3307	0	92.59	8.984	6.287	
11:04:17	3	11.8	14.65	10.395	7.485	1473.75	1004.97	13.110	4.3265	0	92.54	8.977	6.282	
11:04:18	3	11.5	14.65	10.394	7.484	1473.75	1004.97	13.108	4.2357	0	92.50	8.973	6.280	
11:04:19	3	11.3	14.65	10.393	7.484	1473.75	1004.97	13.106	4.2053	0	92.52	8.976	6.282	
11:04:20	3	11.1	14.65	10.393	7.484	1473.74	1004.96	13.106	4.2796	0	92.60	8.983	6.287	
11:04:21	3	10.9	14.65	10.393	7.483	1473.74	1004.96	13.106	4.3853	0	92.64	8.986	6.289	
11:04:22	3	10.6	14.65	10.393	7.483	1473.73	1004.96	13.106	4.3878	0	92.67	8.989	6.291	
11:04:23	3	10.1	14.65	10.392	7.483	1473.72	1004.96	13.105	4.2721	0	92.64	8.986	6.289	
11:04:24	3	10.3	14.65	10.393	7.483	1473.73	1004.96	13.106	4.0625	0	92.66	8.991	6.292	
11:04:25	3	10.3	14.65	10.392	7.483	1473.73	1004.96	13.105	4.0101	0	92.68	8.992	6.293	
11:04:26	3	10.3	14.65	10.392	7.483	1473.73	1004.96	13.105	4.0583	0	92.74	8.997	6.296	
11:04:27	3	10.1	14.65	10.391	7.482	1473.72	1004.96	13.104	4.3251	0	92.74	8.996	6.296	
11:04:28	3	10.2	14.65	10.391	7.482	1473.72	1004.96	13.104	4.2647	0	92.73	8.997	6.296	
11:04:29	3	10.2	14.65	10.392	7.482	1473.72	1004.96	13.106	4.2220	0	92.74	8.998	6.297	
11:04:30	3	10.2	14.65	10.391	7.482	1473.71	1004.96	13.105	4.1691	0	92.75	8.998	6.297	
11:04:31	3	10.2	14.65	10.391	7.483	1473.71	1004.96	13.105	4.3461	0	92.72	8.995	6.295	
11:04:32	3	10.3	14.64	10.390	7.482	1473.71	1004.96	13.104	4.2551	0	92.71	8.996	6.296	
11:04:33	3	10.1	14.64	10.391	7.482	1473.71	1004.96	13.105	4.0737	0	92.70	8.994	6.295	
11:04:34	4	10.1	14.65	10.390	7.482	1473.71	1004.96	13.104	3.9332	0	92.72	8.997	6.296	
11:04:35	4	10.1	14.65	10.390	7.482	1473.72	1004.96	13.103	3.9196	0	92.67	8.991	6.292	
11:04:36	4	10.3	14.65	10.391	7.482	1473.72	1004.96	13.104	3.8553	0	92.66	8.989	6.291	
11:04:37	4	10.3	14.65	10.390	7.482	1473.72	1004.96	13.103	3.7825	0	92.66	8.990	6.292	
11:04:38	4	10.3	14.65	10.390	7.481	1473.72	1004.96	13.103	3.9193	0	92.69	8.992	6.293	
11:04:39	4	10.2	14.65	10.390	7.481	1473.72	1004.96	13.103	4.1319	0	92.73	8.996	6.296	
11:04:40	4	10.3	14.65	10.392	7.482	1473.72	1004.96	13.106	3.9968	0	92.75	8.997	6.297	
11:04:41	4	10.4	14.65	10.392	7.482	1473.72	1004.96	13.106	3.8552	0	92.83	9.006	6.303	
11:04:42	4	10.3	14.64	10.391	7.483	1473.71	1004.96	13.105	3.8785	0	92.85	9.008	6.304	
11:04:43	4	10.2	14.64	10.390	7.482	1473.71	1004.96	13.104	4.1867	0	92.86	9.010	6.306	
11:04:44	4	10.2	14.64	10.391	7.482	1473.71	1004.96	13.105	4.3889	0	92.83	9.006	6.302	
11:04:45	4	10.2	14.64	10.390	7.482	1473.71	1004.96	13.104	4.2676	0	92.77	9.000	6.299	
11:04:46	4	9.9	14.64	10.392	7.483	1473.70	1004.96	13.107	4.2379	0	92.77	9.003	6.300	
11:04:47	4	9.6	14.64	10.392	7.483	1473.70	1004.96	13.107	4.2551	0	92.76	8.998	6.297	
11:04:48	4	9.4	14.64	10.391	7.483	1473.70	1004.96	13.105	4.2702	0	92.79	9.003	6.301	
11:04:49	4	9.2	14.64	10.391	7.483	1473.69	1004.96	13.105	4.2075	0	92.74	8.997	6.296	
11:04:50	4	8.9	14.64	10.392	7.483	1473.69	1004.96	13.107	4.0871	0	92.71	8.995	6.295	
11:04:51	4	8.5	14.64	10.392	7.483	1473.68	1004.95	13.107	4.1460	0	92.72	8.995	6.295	
11:04:52	4	8.3	14.65	10.391	7.483	1473.68	1004.95	13.105	4.1968	0	92.72	8.995	6.295	
11:04:53	4	8.0	14.65	10.391	7.483	1473.68	1004.95	13.104	4.2428	0	92.66	8.988	6.290	
11:04:54	4	7.8	14.65	10.392	7.483	1473.68	1004.95	13.105	4.2560	0	92.61	8.984	6.288	
11:04:55	4	7.4	14.65	10.395	7.483	1473.69	1004.95	13.108	4.2876	0	92.58	8.980	6.285	
11:04:56	4	7.0	14.66	10.395	7.484	1473.70	1004.95	13.107	4.2848	0	92.58	8.980	6.284	
11:04:57	4	6.9	14.66	10.395	7.484	1473.71	1004.94	13.105	4.2364	0	92.55	8.976	6.282	
11:04:58	4	6.6	14.66	10.394	7.483	1473.71	1004.94	13.104	4.2000	0	92.57	8.978	6.283	
11:04:59	4	6.3	14.66	10.395	7.483	1473.71	1004.94	13.105	4.0667	0	92.62	8.985	6.288	
11:05:00	4	6.0	14.66	10.394	7.483	1473.70	1004.94	13.104	4.0896	0	92.64	8.985	6.288	
11:05:01	4	5.7	14.66	10.393	7.482	1473.69	1004.94	13.103	4.0951	0	92.64	8.985	6.288	
11:05:02	4	5.4	14.66	10.393	7.482	1473.68	1004.94	13.103	4.2114	0	92.64	8.984	6.288	
11:05:03	4	5.1	14.66	10.394	7.482	1473.67	1004.93	13.105	4.1771	0	92.68	8.989	6.291	
11:05:04	4	5.0	14.66	10.393	7.482	1473.67	1004.93	13.104	4.0191	0	92.67	8.989	6.291	
11:05:05	4	4.7	14.66	10.396	7.483	1473.67	1004.93	13.108	3.8970	0	92.66	8.988	6.290	
11:05:06	4	4.1	14.66	10.398	7.484	1473.67	1004.93	13.108	3.8364	0	92.61	8.982	6.286	
11:05:07	4	4.0	14.66	10.396	7.485	1473.68	1004.93	13.106	3.7152	0	92.57	8.979	6.284	
11:05:08	4	4.0	14.67	10.395	7.484	1473.69	1004.93	13.103	3.6365	0	92.60	8.979	6.284	
11:05:09	4	3.6	14.67	10.395	7.483	1473.68	1004.93	13.104	3.6631	0	92.67	8.986	6.289	
11:05:10	4	3.1	14.67	10.396	7.483	1473.67	1004.92	13.105	3.7481	0	92.73	8.993	6.294	
11:05:11	4	2.9	14.67	10.398	7.483	1473.67	1004.92	13.106	3.8011	0	92.68	8.987	6.290	
11:05:12	4	2.8	14.67	10.398	7.484	1473.67	1004.92	13.106	3.6191	0	92.65	8.983	6.286	
11:05:13	4	2.9	14.67	10.395	7.484	1473.67	1004.92	13.103	3.5582	0	92.62	8.981	6.286	
11:05:14	4	2.8	14.67	10.395	7.483	1473.67	1004.92	13.104	3.5045	0	92.65	8.985	6.288	
11:05:15	4	2.7	14.66	10.395	7.483	1473.66	1004.92	13.104	3.7049	0	92.71	8.991	6.292	
11:05:16	4	2.8	14.66	10.395	7.483	1473.66	1004.92	13.104	3.7555	0	92.79	9.000	6.298	
11:05:17	4	2.7	14.66	10.395	7.483	1473.66	1004.92	13.104	3.7856	0	92.86	9.005	6.302	
11:05:18	5	2.8	14.66	10.395	7.483	1473.66	1004.92	13.104	3.6095	0	92.88	9.007	6.304	
11:05:19	5	2.8	14.66	10.396	7.483	1473.66	1004.92	13.105	3.6166	0	92.84	9.003	6.301	
11:05:20	5	2.8	14.66	10.395	7.483	1473.66	1004.92	13.104	3.6248	0	92.86	9.005	6.302	
11:05:21	5	2.7	14.66	10.395	7.483	1473.66	1004.92	13.104	3.6008	0	92.86	9.005	6.302	
11:05:22	6	2.8	14.66	10.395	7.483	1473.66	1004.92	13.104	3.5107	0	92.94	9.013	6.308	
11:05:23	6	2.9	14.66	10.395	7.483	1473.66	1004.92	13.104	3.5494	0	92.96	9.015	6.309	
11:05:24	6	2.7	14.66	10.395	7.483	1473.66	1004.92	13.104	3.5901	0	92.95	9.014	6.308	
11:05:25	7	2.7	14.66	10.394	7.483	1473.66	1004.92	13.103	3.6355	0	92.90	9.009	6.305	
11:05:26	7	2.7	14.66	10.394	7.482	1473.66	1004.92	13.103	3.5108	0	92.86	9.005	6.302	
11:05:27	7	2.7	14.66	10.395	7.482	1473.66	1004.92	13.104	3.5372	0	92.86	9.007	6.303	
11:05:28	7	2.9	14.66	10.395	7.483	1473.66	1004.92	13.104	3.5016	0	92.88	9.007	6.304	
11:05:29	7	2.8	14.66	10.394	7.483	1473.66	1004.92	13.103	3.5430	0	92.91	9.012	6.307	
11:05:30	8	2.7	14.66	10.396	7.483	1473.65	1004.92	13.106	3.5411	0	92.93	9.012	6.307	
11:05:31	8	2.5	14.66	10.396	7.483	1473.65	1004.92	13.106	3.4582	0	92.94	9.014	6.308	
11:05:32	8	3.0	14.66	10.395	7.484	1473.66	1004.92	13.104	3.2962	0	92.94	9.015	6.309	
11:05:33	8	2.5	14.66	10.396	7.484	1473.65	1004.92	13.106	3.2116	0	92.94	9.013	6.308	
11:05:34	9	2.6	14.66	10.395	7.483	1473.66	1004.92	13.104	3.2020	0	92.93	9.012	6.307	
11:05:35	9	3.1	14.66	10.395	7.483	1473.66	1004.92	13.104	3.3016	0	92.90	9.010	6.306	
11:05:36	9	2.9	14.66	10.396	7.483	1473.66	1004.92	13.106	3.3582	0	92.91	9.011	6.307	
11:05:37	9	2.6	14.66	10.395	7.483	1473.66	1004.92	13.104	3.5152	0	92.94	9.012	6.307	
11:05:38	10	2.8	14.66	10.396	7.483	1473.66	1004.92	13.105	3.5416	0	92.96	9.016	6.310	
11:05:39	10	2.8	14.66	10.394	7.483	1473.66	1004.92	13.103	3.5235	0	93.01	9.022	6.314	
11:05:40	10	2.7	14.66	10.394	7.483	1473.65	1004.92	13.103	3.5282	0	93.01	9.019	6.312	
11:05:41	10	2.8	14.66	10.394	7.482	1473.65	1004.92	13.103	3.4756	0	93.02	9.020	6.313	
11:05:42	11	2.9	14.66	10.394	7.482	1473.65	1004.92	13.104	3.5491	0	92.96	9.015	6.309	
11:05:43	11	2.6	14.66	10.394	7.483	1473.64	1004.92	13.104	3.5466	0	92.94	9.014	6.309	
11:05:44	11	2.6	14.66	10.394	7.483	1473.64	1004.92	13.104	3.5831	0	92.90	9.010	6.306	
11:05:45	11	2.9	14.66	10.395	7.483	1473.64	1004.93	13.106	3.5942	0	92.88	9.009	6.305	
11:05:46	12	2.7	14.66	10.394	7.483	1473.64	1004.92	13.105	3.5766	0	92.86	9.007	6.303	
11:05:47	12	2.7	14.66	10.394	7.484	1473.64	1004.92	13.105	3.6158	0	92.91	9.012	6.307	
11:05:48	12	2.8	14.66	10.396	7.484	1473.65	1004.92	13.107	3.5674	0	92.94	9.015	6.309	
11:05:49	12	2.8	14.66	10.395	7.484	1473.65	1004.92	13.105	3.5182	0	92.96	9.015	6.309	
11:05:50	12	3.0	14.67	10.396	7.484	1473.67	1004.92	13.105	3.4524	0	92.96	9.015	6.309	
11:05:51	12	2.8	14.67	10.396	7.483	1473.66	1004.92	13.105	3.4390	0	92.98	9.019	6.312	
11:05:52	12	2.7	14.67	10.395	7.483	1473.66	1004.92	13.104	3.4781	0	92.98	9.017	6.310	
11:05:53	12	2.6	14.67	10.396	7.483	1473.66	1004.92	13.105	3.4380	0	92.97	9.015	6.309	
11:05:54	12	2.3	14.67	10.395	7.483	1473.66	1004.92	13.104	3.4420	0	92.98	9.017	6.311	
11:05:55	12	1.8	14.66	10.396	7.483	1473.64	1004.92	13.105	3.4237	0	92.94	9.014	6.308	
11:05:56	12	1.2	14.66	10.396	7.483	1473.63	1004.92	13.106	3.5370	0	92.85	9.005	6.302	
11:05:57	12	0.3	14.66	10.395	7.484	1473.62	1004.91	13.105	3.5502	0	92.68	8.989	6.291	
11:05:58	12	0.2	14.60	1.657	5.343	1470.90	1003.28	2.092	3.4723	0	92.45	9.087	6.359	
11:05:59	12	0.2	14.21	1.343	3.136	1466.91	1001.64	1.713	3.2952	0	92.29	9.227	6.458	
11:06:00	12	0.2	13.47	1.353	0.936	1461.64	1000.05	1.759	2.1352	0	92.19	9.391	6.572	
11:06:01	12	0.2	12.51	0.758	0.747	1457.87	1000.02	1.010	1.0701	0	92.26	9.475	6.631	
11:06:02	12	0.2	11.65	0.642	0.602	1454.46	1000.01	0.876	0.0667	0	92.20	9.506	6.653	
11:06:03	12	0.2	10.98	0.573	0.435	1451.67	999.95	0.796	0.0519	0	92.19	9.565	6.694	
11:06:04	12	0.2	10.50	0.315	0.341	1449.70	999.92	0.444	0.0486	0	91.98	9.582	6.706	
11:06:05	12	0.2	10.20	0.092	0.219	1448.35	999.86	0.131	0.0465	0	91.86	9.645	6.750	
11:06:06	12	0.2	9.99	0.485	0.202	1447.51	999.86	0.693	0.0482	0	91.65	9.673	6.769	
11:06:07	12	0.1	9.84	0.224	0.182	1446.86	999.86	0.321	0.0499	1	91.56	9.712	6.797	
11:06:08	12	0.2	9.72	0.073	0.178	1446.39	999.87	0.106	0.0517	0	91.49	9.741	6.817	
11:06:09	12	0.2	9.64	0.056	0.080	1445.95	999.80	0.080	0.0489	0	91.41	9.795	6.855	
11:06:10	12	0.1	9.60	0.058	0.042	1445.75	999.77	0.084	0.0494	1	91.45	9.823	6.874	
11:06:11	12	0.2	9.60	0.067	0.041	1445.74	999.77	0.097	0.0480	1	91.54	9.856	6.898	
11:06:12	12	0.2	9.64	0.063	0.043	1445.90	999.77	0.092	0.0495	1	91.71	9.892	6.923	
11:06:13	12	0.2	9.69	0.050	0.041	1446.10	999.76	0.072	0.0484	1	91.86	9.933	6.951	
11:06:14	12	0.2	9.75	0.053	0.038	1446.34	999.75	0.077	0.0499	1	91.97	9.941	6.957	
11:06:15	12	0.2	9.80	0.062	0.038	1446.55	999.75	0.090	0.0472	1	92.18	9.959	6.970	
11:06:16	12	0.2	9.85	0.087	0.046	1446.76	999.75	0.125	0.0462	1	92.34	9.979	6.984	
11:06:17	12	0.2	9.89	0.083	0.052	1446.93	999.75	0.120	0.0474	1	92.49	9.988	6.990	
