Data Start: 2024-06-08 17:28:35
Data End: 2024-06-08 17:34:13
Devicename: Multi Water Sampler MWS
IdentNo.: 622

Bottle []
Range1: 0 to 12

Pressure [dbar]
Range1: 0.0 to 3000.0  Cal0: -2.93953E+3  Cal1: 1.37878E-1  Cal2: -1.133042E-6  Cal3: -5.948781E-1  Cal4: 5.712566E-5  Cal5: -5.11527E-10  Cal6: 8.693823E-1  Cal7: 6.172426E-2  Cal8: -4.380532E-9

Temperature [°C] ( averaging = 3 )
Range1: -2.00 to 32.00  Cal0: -2.13158E+0  Cal1: 5.84337E-4  Cal2: 0E+0

Conductivity [mS/cm]
Range1: 0.000 to 65.000  Cal0: -3.33499E-2  Cal1: 1.11275E-3  Cal2: 5.10719E-11

Salinity [PSU] ( averaging = 3 )
Range1: 0.000 to 94.000

Sound Vel. [m/s]
Range1: 1400.00 to 1600.00

Density [kg/m³]
Range1: 900.00 to 1100.00

Spec. Cond. [mS/cm]
Range1: 0.000 to 65.000

Chlorophyll a [µg/l] ( averaging = 3 )
Range1: 0.0000 to 5.0000  Cal0: 0E+0  Cal1: 8.00128E-5
Range2: 0.0000 to 15.0000  Cal2: 0E+0  Cal3: 2.400384E-4
Range3: 0.0000 to 50.0000  Cal4: 0E+0  Cal5: 8.00128E-4
Range4: 0.0000 to 150.0000  Cal6: 0E+0  Cal7: 2.400384E-3

Bottom Alarm []
Range1: 0 to 1

Oxygen [% a.s.] ( averaging = 3 )
Range1: 0.00 to 240.00  Cal0: 2.1698E-2  Cal1: 9.99659E-3  Cal2: -9.99996E+0  Cal3: 9.99922E-4  Cal4: -1.6275E-1  Cal5: 9.90109E-1  Cal6: 2.354367E+1  Cal7: 1E+0  Cal8: 9.094667E-1  Cal9: 5E-5  Cal10: 1.0134E+3

Oxygen [mg/l]
Range1: 0.000 to 35.000

Oxygen [ml/l]
Range1: 0.000 to 24.000

Header Comment

Ship:		
Cruise:		
Station:		
Cast:		
Position:		
Operator:		


Time [hh:mm:ss]	Bottle []	Pressure [dbar]	Temperature [°C]	Conductivity [mS/cm]	Salinity [PSU]	Sound Vel. [m/s]	Density [kg/m³]	Spec. Cond. [mS/cm]	Chlorophyll a [µg/l]	Bottom Alarm []	Oxygen [% a.s.]	Oxygen [mg/l]	Oxygen [ml/l]	Comments  [Index]
17:28:35	0	0.1	15.52	-0.011	0.000	1467.76	999.02	-0.014	0.0518	1	91.80	9.154	6.406	
17:28:36	0	0.2	15.52	-0.012	0.000	1467.74	999.02	-0.015	0.0515	1	91.77	9.152	6.405	
17:28:37	0	0.2	15.51	-0.011	0.000	1467.71	999.02	-0.014	0.0519	1	91.80	9.155	6.407	
17:28:38	0	0.2	15.50	-0.011	0.000	1467.68	999.03	-0.014	0.0518	1	91.80	9.158	6.409	
17:28:39	0	0.1	15.48	-0.012	0.000	1467.62	999.03	-0.015	0.0514	1	91.79	9.157	6.408	
17:28:40	0	0.2	15.47	-0.011	0.000	1467.58	999.03	-0.014	0.0511	1	91.77	9.159	6.410	
17:28:41	0	0.2	15.45	-0.012	0.000	1467.52	999.03	-0.015	0.0506	1	91.79	9.163	6.412	
17:28:42	0	0.2	15.43	-0.011	0.000	1467.45	999.04	-0.014	0.0511	1	91.80	9.167	6.415	
17:28:43	0	0.2	15.41	-0.011	0.000	1467.38	999.04	-0.014	0.0512	1	91.81	9.169	6.417	
17:28:44	0	0.2	15.39	-0.012	0.000	1467.32	999.04	-0.015	0.0509	1	91.76	9.166	6.415	
17:28:45	0	0.2	15.38	-0.012	0.000	1467.28	999.04	-0.015	0.0506	1	91.78	9.171	6.418	
17:28:46	0	0.2	15.38	-0.012	0.000	1467.27	999.04	-0.015	0.0500	1	91.82	9.173	6.420	
17:28:47	0	0.1	15.38	-0.011	0.000	1467.28	999.04	-0.014	0.0501	1	91.84	9.175	6.421	
17:28:48	0	0.1	15.39	-0.012	0.000	1467.29	999.04	-0.015	0.0501	1	91.86	9.176	6.422	
17:28:49	0	0.1	15.39	-0.012	0.000	1467.30	999.04	-0.015	0.0510	1	91.83	9.172	6.419	
17:28:50	0	0.1	15.39	-0.012	0.000	1467.31	999.04	-0.015	0.0516	1	91.87	9.177	6.422	
17:28:51	0	0.1	15.39	-0.012	0.000	1467.32	999.04	-0.015	0.0522	1	91.86	9.174	6.420	
17:28:52	0	0.1	15.40	-0.012	0.000	1467.32	999.04	-0.015	0.0517	1	91.87	9.178	6.423	
17:28:53	0	0.1	15.40	-0.012	0.000	1467.34	999.04	-0.015	0.0524	1	91.86	9.174	6.421	
17:28:54	0	0.1	15.41	-0.011	0.000	1467.36	999.04	-0.014	0.0518	1	91.86	9.173	6.420	
17:28:55	0	0.1	15.41	-0.011	0.000	1467.36	999.04	-0.014	0.0509	1	91.84	9.174	6.421	
17:28:56	0	0.2	15.41	-0.012	0.000	1467.37	999.04	-0.015	0.0493	1	91.84	9.172	6.419	
17:28:57	0	0.1	15.40	-0.012	0.000	1467.34	999.04	-0.015	0.0490	1	91.85	9.172	6.419	
17:28:58	0	0.2	15.36	-0.012	0.000	1467.22	999.05	-0.015	0.0506	1	91.82	9.174	6.420	
17:28:59	0	0.2	15.30	-0.012	0.000	1467.01	999.06	-0.015	0.0512	1	91.77	9.173	6.420	
17:29:00	0	0.2	15.22	-0.012	0.000	1466.71	999.07	-0.015	0.0519	1	91.77	9.184	6.427	
17:29:01	0	0.1	15.14	-0.012	0.000	1466.42	999.08	-0.015	0.0507	1	91.82	9.197	6.436	
17:29:02	0	0.1	15.05	-0.012	0.000	1466.11	999.09	-0.015	0.0506	1	91.85	9.214	6.449	
17:29:03	0	0.1	14.95	-0.012	0.000	1465.77	999.11	-0.015	0.0505	1	91.83	9.228	6.458	
17:29:04	0	0.2	14.83	-0.012	0.000	1465.36	999.13	-0.015	0.0503	0	91.84	9.254	6.477	
17:29:05	0	0.2	14.71	-0.012	0.000	1464.91	999.15	-0.015	0.0502	0	91.93	9.283	6.496	
17:29:06	0	0.2	14.58	-0.012	0.000	1464.48	999.16	-0.015	0.0497	0	92.02	9.313	6.518	
17:29:07	0	0.2	14.48	-0.012	0.000	1464.11	999.18	-0.015	0.0499	0	92.13	9.343	6.539	
17:29:08	0	0.2	14.41	-0.012	0.000	1463.88	999.19	-0.015	0.0503	0	92.21	9.364	6.553	
17:29:09	0	0.2	14.38	-0.011	0.000	1463.74	999.19	-0.014	0.0517	0	92.31	9.380	6.565	
17:29:10	0	0.2	14.36	-0.011	0.000	1463.69	999.20	-0.014	0.0636	0	92.33	9.384	6.567	
17:29:11	0	0.6	14.63	18.357	4.623	1470.14	1002.72	23.162	0.6968	0	93.41	9.123	6.385	
17:29:12	0	1.3	14.90	18.306	9.199	1476.45	1006.19	22.940	1.5798	0	94.94	9.013	6.308	
17:29:13	0	1.6	15.18	18.360	13.758	1482.69	1009.64	22.847	2.4741	0	96.55	8.910	6.236	
17:29:14	0	1.9	15.18	18.350	13.691	1482.62	1009.58	22.833	2.7795	0	97.27	8.980	6.285	
17:29:15	0	2.1	15.18	18.351	13.670	1482.61	1009.57	22.833	2.8948	0	98.56	9.102	6.370	
17:29:16	0	1.9	15.19	18.348	13.666	1482.60	1009.57	22.828	2.9357	0	100.28	9.260	6.481	
17:29:17	0	1.7	15.19	18.349	13.665	1482.61	1009.56	22.828	3.0271	0	101.86	9.408	6.584	
17:29:18	0	1.9	15.19	18.345	13.663	1482.61	1009.56	22.824	2.9953	0	102.25	9.443	6.609	
17:29:19	0	2.0	15.19	18.345	13.662	1482.61	1009.56	22.824	3.0214	0	102.09	9.428	6.598	
17:29:20	0	1.7	15.19	18.343	13.660	1482.60	1009.56	22.821	3.0573	0	101.97	9.417	6.591	
17:29:21	0	1.6	15.19	18.344	13.660	1482.60	1009.56	22.822	3.0519	0	101.78	9.400	6.578	
17:29:22	0	1.9	15.19	18.341	13.659	1482.60	1009.56	22.818	3.1143	0	101.48	9.373	6.559	
17:29:23	0	2.0	15.19	18.340	13.658	1482.60	1009.56	22.818	2.9906	0	101.04	9.333	6.531	
17:29:24	0	1.9	15.19	18.341	13.657	1482.60	1009.56	22.819	3.1624	0	100.94	9.322	6.524	
17:29:25	0	2.1	15.19	18.336	13.656	1482.60	1009.56	22.814	3.1424	0	101.12	9.338	6.535	
17:29:26	0	2.4	15.19	18.336	13.655	1482.61	1009.56	22.813	3.1570	0	101.47	9.372	6.559	
17:29:27	0	2.8	15.19	18.333	13.653	1482.61	1009.56	22.808	2.9249	0	101.78	9.399	6.578	
17:29:28	0	3.1	15.19	18.344	13.655	1482.62	1009.56	22.823	2.8762	0	102.27	9.444	6.609	
17:29:29	0	3.4	15.19	18.350	13.658	1482.63	1009.57	22.830	2.9612	0	103.01	9.512	6.657	
17:29:30	0	3.8	15.19	18.351	13.663	1482.64	1009.57	22.832	2.9883	0	103.97	9.603	6.720	
17:29:31	0	4.4	15.19	18.344	13.663	1482.65	1009.57	22.823	2.9341	0	104.77	9.674	6.770	
17:29:32	0	5.0	15.19	18.359	13.666	1482.66	1009.58	22.842	2.9471	0	105.41	9.734	6.812	
17:29:33	0	5.4	15.19	18.359	13.668	1482.67	1009.58	22.842	3.0442	0	106.19	9.808	6.864	
17:29:34	0	5.9	15.18	18.410	13.687	1482.67	1009.60	22.909	3.1319	0	107.22	9.900	6.928	
17:29:35	0	6.4	15.16	18.490	13.725	1482.67	1009.64	23.019	3.0443	0	108.35	10.012	7.007	
17:29:36	0	6.9	15.15	18.412	13.743	1482.67	1009.65	22.927	3.0640	0	109.68	10.131	7.090	
17:29:37	0	7.4	15.15	18.438	13.754	1482.68	1009.66	22.960	3.0879	0	110.86	10.237	7.164	
17:29:38	0	7.9	15.11	18.830	13.852	1482.65	1009.75	23.475	3.1552	0	111.86	10.340	7.236	
17:29:39	0	8.4	15.05	18.801	13.970	1482.61	1009.85	23.470	3.1788	0	112.60	10.419	7.292	
17:29:40	0	8.9	15.00	18.795	14.084	1482.58	1009.95	23.493	3.1673	0	113.20	10.466	7.324	
17:29:41	0	9.4	14.99	18.826	14.097	1482.57	1009.97	23.538	3.1929	0	113.80	10.529	7.369	
17:29:42	0	10.0	14.92	19.438	14.287	1482.56	1010.13	24.345	3.1538	0	114.25	10.557	7.388	
17:29:43	0	10.5	14.80	19.556	14.519	1482.44	1010.33	24.566	3.2659	0	114.56	10.644	7.449	
17:29:44	0	11.0	14.68	19.603	14.770	1482.31	1010.54	24.703	3.2271	0	114.71	10.645	7.450	
17:29:45	0	11.5	14.57	19.667	14.877	1482.10	1010.65	24.849	3.2250	0	114.55	10.653	7.456	
17:29:46	0	12.0	14.49	19.762	14.974	1481.93	1010.74	25.022	3.0957	0	114.52	10.662	7.462	
17:29:47	0	12.5	14.40	19.874	15.084	1481.77	1010.84	25.220	3.0063	0	114.54	10.672	7.468	
17:29:48	0	13.0	14.33	19.914	15.184	1481.64	1010.93	25.317	2.9114	0	114.74	10.698	7.487	
17:29:49	0	13.5	14.30	19.867	15.238	1481.63	1010.98	25.274	2.9027	0	114.89	10.706	7.492	
17:29:50	0	14.0	14.29	19.922	15.265	1481.63	1011.01	25.352	2.8823	0	114.51	10.667	7.465	
17:29:51	0	14.5	14.27	20.184	15.348	1481.67	1011.08	25.699	3.0803	0	114.48	10.680	7.474	
17:29:52	0	15.1	14.12	20.969	15.682	1481.56	1011.36	26.799	3.2587	0	114.12	10.691	7.482	
17:29:53	0	15.7	13.89	21.933	16.305	1481.49	1011.88	28.200	3.3723	0	114.60	10.745	7.519	
17:29:54	0	16.3	13.47	23.059	17.241	1481.13	1012.68	29.974	3.3295	0	114.59	10.827	7.577	
17:29:55	0	16.8	12.94	24.288	18.384	1480.65	1013.65	32.010	3.1850	0	114.09	10.868	7.606	
17:29:56	0	17.3	12.21	25.805	19.807	1479.76	1014.87	34.677	2.9823	0	112.44	10.765	7.534	
17:29:57	0	17.9	11.19	28.184	21.788	1478.46	1016.56	38.944	2.7317	0	110.63	10.764	7.533	
17:29:58	0	18.5	10.25	28.624	23.673	1477.31	1018.17	40.602	2.2923	0	109.97	10.772	7.539	
17:29:59	0	19.0	9.55	28.826	25.203	1476.56	1019.47	41.720	1.9331	0	110.31	10.755	7.527	
17:30:00	0	19.5	9.35	28.856	25.846	1476.60	1020.00	42.008	1.5389	0	110.13	10.712	7.497	
17:30:01	0	20.1	9.25	28.823	26.149	1476.64	1020.25	42.073	1.3337	0	109.12	10.599	7.418	
17:30:02	0	20.7	9.22	28.898	26.252	1476.65	1020.34	42.222	1.3107	0	107.39	10.434	7.302	
17:30:03	0	21.2	9.21	29.013	26.338	1476.71	1020.41	42.408	1.3207	0	105.80	10.271	7.188	
17:30:04	0	21.7	9.20	29.114	26.450	1476.82	1020.50	42.569	1.4046	0	105.32	10.223	7.155	
17:30:05	0	22.4	9.18	29.180	26.554	1476.90	1020.59	42.685	1.4210	0	105.82	10.270	7.187	
17:30:06	0	22.8	9.15	29.194	26.628	1476.89	1020.65	42.737	1.4159	0	106.68	10.354	7.246	
17:30:07	0	23.4	9.14	29.189	26.667	1476.89	1020.69	42.752	1.3600	0	106.17	10.303	7.211	
17:30:08	0	23.8	9.12	29.249	26.706	1476.86	1020.73	42.867	1.3320	0	104.47	10.142	7.098	
17:30:09	0	24.4	9.09	29.322	26.766	1476.84	1020.78	43.008	1.3035	0	101.10	9.821	6.873	
17:30:10	0	24.9	9.06	29.353	26.840	1476.83	1020.84	43.092	1.2900	0	97.15	9.435	6.603	
17:30:11	0	25.4	9.04	29.359	26.896	1476.83	1020.89	43.126	1.3475	1	93.00	9.032	6.321	
17:30:12	0	25.5	9.03	29.386	26.932	1476.86	1020.92	43.171	1.3431	1	89.73	8.714	6.099	
17:30:13	0	25.6	9.04	29.397	26.951	1476.90	1020.94	43.182	1.4115	1	86.88	8.433	5.902	
17:30:14	0	25.6	9.04	29.408	26.967	1476.94	1020.95	43.191	1.3597	1	84.72	8.221	5.753	
17:30:15	0	25.6	9.06	29.254	26.916	1476.92	1020.91	42.948	1.3532	1	83.24	8.081	5.655	
17:30:16	0	25.7	9.08	29.272	26.863	1476.95	1020.86	42.944	1.3141	1	82.15	7.972	5.579	
17:30:17	0	25.7	9.11	29.249	26.793	1476.98	1020.80	42.874	1.3150	1	80.86	7.844	5.489	
17:30:18	0	25.6	9.13	29.178	26.749	1477.00	1020.76	42.743	1.3466	1	79.57	7.716	5.400	
17:30:19	1	25.6	9.14	29.155	26.695	1476.97	1020.72	42.698	1.3588	1	78.60	7.622	5.334	
17:30:20	1	25.7	9.15	29.239	26.682	1476.98	1020.71	42.811	1.3993	1	77.85	7.549	5.283	
17:30:21	1	25.8	9.16	29.251	26.698	1477.06	1020.72	42.809	1.4483	1	77.33	7.495	5.245	
17:30:22	1	25.8	9.17	29.227	26.715	1477.12	1020.73	42.764	1.4780	1	76.86	7.450	5.213	
17:30:23	1	25.8	9.17	29.220	26.702	1477.10	1020.72	42.754	1.4575	0	76.48	7.411	5.186	
17:30:24	1	25.7	9.16	29.252	26.703	1477.07	1020.72	42.811	1.4797	1	76.06	7.370	5.157	
17:30:25	1	25.7	9.15	29.225	26.708	1477.01	1020.73	42.793	1.4670	0	75.59	7.326	5.127	
17:30:26	1	25.5	9.13	29.185	26.706	1476.96	1020.73	42.749	1.5088	0	75.04	7.277	5.093	
17:30:27	1	25.2	9.16	29.088	26.652	1476.98	1020.68	42.576	1.4395	0	74.49	7.223	5.055	
17:30:28	1	24.9	9.20	29.089	26.594	1477.04	1020.63	42.533	1.4613	0	73.97	7.172	5.019	
17:30:29	1	24.7	9.22	29.089	26.541	1477.06	1020.59	42.503	1.4748	0	73.64	7.140	4.997	
17:30:30	1	24.5	9.21	29.102	26.534	1477.01	1020.58	42.537	1.5283	0	73.36	7.111	4.976	
17:30:31	1	24.3	9.20	29.087	26.532	1476.98	1020.58	42.522	1.5254	0	73.24	7.101	4.969	
17:30:32	1	24.1	9.20	29.082	26.534	1476.98	1020.58	42.514	1.4563	0	73.11	7.089	4.961	
17:30:33	1	23.9	9.20	29.116	26.541	1476.97	1020.58	42.569	1.4775	0	73.06	7.085	4.958	
17:30:34	1	23.7	9.19	29.135	26.560	1476.96	1020.60	42.606	1.4691	0	73.00	7.078	4.954	
17:30:35	1	23.5	9.18	29.122	26.579	1476.95	1020.61	42.599	1.5358	0	72.99	7.078	4.953	
17:30:36	1	23.3	9.17	29.161	26.601	1476.93	1020.63	42.669	1.4628	0	72.94	7.073	4.950	
17:30:37	1	23.0	9.16	29.184	26.625	1476.91	1020.65	42.719	1.4492	0	72.90	7.066	4.945	
17:30:38	1	23.0	9.14	29.175	26.652	1476.89	1020.68	42.722	1.4061	0	72.81	7.062	4.942	
17:30:39	1	23.0	9.14	29.170	26.663	1476.88	1020.68	42.721	1.4257	0	72.75	7.058	4.939	
17:30:40	2	23.0	9.14	29.169	26.662	1476.89	1020.68	42.718	1.4730	0	72.74	7.057	4.938	
17:30:41	2	23.0	9.14	29.183	26.666	1476.89	1020.69	42.737	1.5019	0	72.76	7.058	4.939	
17:30:42	2	23.1	9.14	29.190	26.672	1476.90	1020.69	42.750	1.5108	0	72.85	7.069	4.947	
17:30:43	2	23.1	9.14	29.185	26.678	1476.90	1020.70	42.744	1.5265	0	72.91	7.073	4.950	
17:30:44	2	23.1	9.14	29.194	26.682	1476.91	1020.70	42.757	1.4974	0	72.98	7.081	4.956	
17:30:45	2	22.9	9.14	29.183	26.680	1476.90	1020.70	42.739	1.4610	0	72.95	7.077	4.953	
17:30:46	2	22.8	9.14	29.174	26.675	1476.91	1020.69	42.721	1.3778	0	72.86	7.069	4.947	
17:30:47	2	22.3	9.15	29.146	26.656	1476.90	1020.67	42.673	1.3790	0	72.77	7.060	4.941	
17:30:48	2	21.8	9.16	29.113	26.628	1476.90	1020.65	42.613	1.3944	0	72.67	7.049	4.933	
17:30:49	2	21.6	9.17	29.126	26.606	1476.91	1020.63	42.617	1.4547	0	72.59	7.041	4.928	
17:30:50	2	21.5	9.18	29.081	26.576	1476.91	1020.60	42.537	1.5194	0	72.50	7.032	4.921	
17:30:51	2	21.3	9.19	29.080	26.557	1476.92	1020.59	42.524	1.5496	0	72.46	7.029	4.919	
17:30:52	2	21.2	9.20	28.964	26.496	1476.87	1020.54	42.347	1.5793	0	72.39	7.021	4.914	
17:30:53	2	21.2	9.20	28.955	26.449	1476.82	1020.50	42.330	1.5077	0	72.30	7.015	4.909	
17:30:54	2	21.2	9.20	29.023	26.428	1476.80	1020.48	42.430	1.4979	0	72.18	7.004	4.902	
17:30:55	2	21.2	9.20	29.033	26.451	1476.82	1020.50	42.446	1.4665	0	72.12	6.999	4.898	
17:30:56	3	21.1	9.20	28.975	26.459	1476.82	1020.51	42.365	1.4141	0	72.10	6.997	4.896	
17:30:57	3	21.2	9.19	28.954	26.437	1476.78	1020.49	42.338	1.3577	0	72.04	6.991	4.892	
17:30:58	3	21.3	9.19	28.910	26.398	1476.73	1020.46	42.277	1.3969	0	71.95	6.985	4.889	
17:30:59	3	21.3	9.19	28.914	26.379	1476.69	1020.45	42.285	1.4204	0	71.83	6.974	4.881	
17:31:00	3	21.3	9.19	28.924	26.370	1476.68	1020.44	42.300	1.4347	0	71.77	6.970	4.878	
17:31:01	3	21.3	9.19	28.928	26.378	1476.68	1020.45	42.311	1.3299	0	71.66	6.958	4.869	
17:31:02	3	21.1	9.18	28.880	26.368	1476.66	1020.44	42.243	1.3435	0	71.60	6.953	4.866	
17:31:03	3	20.9	9.19	28.857	26.346	1476.64	1020.42	42.204	1.3374	0	71.49	6.943	4.859	
17:31:04	3	20.7	9.20	28.827	26.309	1476.63	1020.39	42.148	1.4015	0	71.38	6.932	4.852	
17:31:05	3	20.3	9.21	28.830	26.285	1476.65	1020.37	42.133	1.4084	0	71.26	6.922	4.844	
17:31:06	3	20.1	9.23	28.836	26.267	1476.70	1020.35	42.118	1.4131	0	71.17	6.910	4.836	
17:31:07	3	19.9	9.25	28.839	26.259	1476.75	1020.34	42.103	1.3692	0	71.12	6.904	4.832	
17:31:08	3	19.7	9.26	28.841	26.251	1476.79	1020.33	42.088	1.3845	0	71.08	6.899	4.828	
17:31:09	3	19.6	9.28	28.821	26.234	1476.83	1020.31	42.038	1.4300	0	71.11	6.900	4.829	
17:31:10	3	19.3	9.31	28.824	26.215	1476.90	1020.29	42.011	1.4363	0	71.13	6.900	4.829	
17:31:11	3	19.1	9.34	28.726	26.159	1476.94	1020.25	41.831	1.4641	0	71.18	6.900	4.829	
17:31:12	3	18.9	9.40	28.732	26.099	1477.12	1020.19	41.756	1.5125	0	71.20	6.901	4.830	
17:31:13	3	18.9	9.43	28.599	25.994	1477.10	1020.10	41.530	1.5703	0	71.23	6.898	4.828	
17:31:14	3	18.9	9.50	28.569	25.902	1477.24	1020.02	41.405	1.6180	0	71.26	6.907	4.834	
17:31:15	3	18.8	9.56	28.531	25.798	1477.33	1019.93	41.280	1.7246	0	71.36	6.913	4.838	
17:31:16	4	18.8	9.74	28.378	25.651	1477.84	1019.79	40.839	1.7861	0	71.52	6.898	4.827	
17:31:17	4	18.8	9.89	27.677	25.267	1477.92	1019.47	39.663	2.0199	0	71.75	6.897	4.827	
17:31:18	4	18.8	10.01	27.533	24.834	1477.84	1019.11	39.319	1.9979	0	72.03	6.940	4.857	
17:31:19	4	18.9	10.04	27.431	24.457	1477.48	1018.82	39.146	2.0419	0	72.28	6.974	4.881	
17:31:20	4	18.9	10.05	27.406	24.333	1477.37	1018.72	39.099	1.8703	0	72.50	7.001	4.900	
17:31:21	4	18.9	10.05	27.386	24.277	1477.31	1018.67	39.067	1.8185	0	72.65	7.017	4.910	
17:31:22	4	18.7	10.07	27.339	24.239	1477.35	1018.64	38.975	1.7619	0	72.79	7.028	4.919	
17:31:23	4	18.4	10.13	27.256	24.172	1477.47	1018.58	38.794	1.7755	0	72.87	7.032	4.921	
17:31:24	4	18.1	10.23	27.205	24.074	1477.73	1018.48	38.608	1.9259	0	72.99	7.034	4.923	
17:31:25	4	17.9	10.35	27.121	23.943	1477.99	1018.36	38.364	2.2074	0	73.17	7.035	4.923	
17:31:26	4	17.7	10.47	27.044	23.799	1478.28	1018.23	38.118	2.5256	0	73.48	7.054	4.937	
17:31:27	4	17.6	10.62	26.828	23.594	1478.58	1018.05	37.654	2.6008	0	73.86	7.088	4.960	
17:31:28	4	17.4	10.88	26.030	23.133	1478.97	1017.65	36.269	2.5974	0	74.28	7.113	4.978	
17:31:29	4	17.2	11.30	25.938	22.613	1479.84	1017.18	35.730	2.4994	0	74.69	7.140	4.997	
17:31:30	4	17.0	11.69	25.080	21.852	1480.35	1016.53	34.175	2.6953	0	75.15	7.140	4.997	
17:31:31	4	16.9	11.96	24.818	21.269	1480.59	1016.04	33.578	2.7807	0	75.58	7.168	5.017	
17:31:32	4	16.9	12.05	24.552	20.700	1480.26	1015.58	33.132	2.9726	0	76.14	7.201	5.039	
17:31:33	4	16.9	12.08	24.335	20.401	1480.02	1015.34	32.810	3.2144	0	76.54	7.251	5.074	
17:31:34	5	16.8	12.13	24.140	20.165	1479.88	1015.16	32.511	3.3292	0	76.89	7.279	5.094	
17:31:35	5	16.9	12.19	24.015	19.978	1479.88	1015.00	32.290	3.3261	0	77.09	7.301	5.110	
17:31:36	5	16.9	12.26	23.808	19.788	1479.93	1014.84	31.945	3.1912	0	77.32	7.331	5.131	
17:31:37	5	16.9	12.32	24.015	19.716	1480.04	1014.78	32.176	3.3209	0	77.57	7.355	5.148	
17:31:38	5	16.9	12.31	23.523	19.546	1479.82	1014.65	31.521	3.3393	0	77.78	7.389	5.171	
17:31:39	5	16.9	12.32	23.425	19.421	1479.70	1014.55	31.381	3.3679	0	77.96	7.383	5.167	
17:31:40	5	16.9	12.38	23.397	19.226	1479.66	1014.39	31.300	3.2644	0	78.18	7.381	5.166	
17:31:41	5	16.9	12.45	23.107	19.079	1479.75	1014.26	30.850	3.4484	0	78.45	7.427	5.198	
17:31:42	5	16.7	12.51	22.884	18.887	1479.72	1014.11	30.507	3.5372	0	78.80	7.468	5.226	
17:31:43	5	16.4	12.54	22.832	18.691	1479.62	1013.95	30.406	3.7143	0	79.18	7.504	5.252	
17:31:44	5	16.2	12.59	22.665	18.535	1479.61	1013.82	30.143	3.5477	0	79.44	7.523	5.265	
17:31:45	5	15.9	12.76	22.532	18.390	1480.02	1013.68	29.834	3.3783	0	79.56	7.534	5.273	
17:31:46	5	15.6	12.91	20.958	17.783	1479.82	1013.18	27.641	3.3397	0	79.58	7.522	5.264	
17:31:47	5	15.4	13.21	20.603	17.087	1480.05	1012.60	26.960	3.5206	0	79.77	7.523	5.265	
17:31:48	5	15.1	13.49	20.461	16.378	1480.17	1012.00	26.582	3.6763	0	80.15	7.534	5.272	
17:31:49	5	14.9	13.76	20.207	16.042	1480.72	1011.70	26.068	3.6586	0	80.79	7.586	5.309	
17:31:50	5	14.6	13.92	20.123	15.808	1480.99	1011.49	25.854	3.5402	0	81.40	7.627	5.337	
17:31:51	5	14.4	14.00	20.103	15.636	1481.06	1011.34	25.775	3.6464	0	82.09	7.682	5.376	
17:31:52	5	14.1	14.08	20.092	15.560	1481.26	1011.27	25.704	3.8495	0	82.75	7.738	5.415	
17:31:53	5	13.9	14.12	20.088	15.524	1481.34	1011.23	25.677	3.9341	0	83.47	7.798	5.457	
17:31:54	5	13.7	14.14	20.082	15.499	1481.37	1011.21	25.655	3.8012	0	84.14	7.854	5.497	
17:31:55	5	13.7	14.15	20.088	15.489	1481.41	1011.20	25.654	3.5141	0	84.76	7.908	5.534	
17:31:56	5	13.7	14.16	20.078	15.480	1481.43	1011.19	25.635	3.4772	0	85.37	7.967	5.576	
17:31:57	6	13.7	14.16	20.106	15.483	1481.44	1011.19	25.670	3.5031	0	85.90	8.016	5.610	
17:31:58	6	13.6	14.16	20.075	15.478	1481.43	1011.19	25.630	3.5589	0	86.15	8.040	5.626	
17:31:59	6	13.7	14.16	20.081	15.479	1481.44	1011.19	25.637	3.6066	0	86.40	8.061	5.642	
17:32:00	6	13.8	14.17	20.095	15.475	1481.44	1011.19	25.653	3.5492	0	86.65	8.083	5.657	
17:32:01	6	13.7	14.17	20.085	15.477	1481.45	1011.19	25.640	3.6238	0	86.95	8.111	5.676	
17:32:02	7	13.7	14.17	20.062	15.471	1481.46	1011.18	25.607	3.6473	0	87.08	8.123	5.685	
17:32:03	7	13.7	14.19	20.043	15.453	1481.49	1011.17	25.573	3.8384	0	87.10	8.124	5.685	
17:32:04	7	13.7	14.20	20.048	15.439	1481.51	1011.15	25.574	3.9996	0	87.13	8.123	5.685	
17:32:05	7	13.6	14.20	20.015	15.422	1481.51	1011.14	25.527	4.2234	0	87.19	8.128	5.688	
17:32:06	7	13.6	14.20	20.019	15.413	1481.49	1011.13	25.533	4.0783	0	87.36	8.145	5.700	
17:32:07	7	13.6	14.21	20.009	15.400	1481.51	1011.12	25.513	3.9521	0	87.51	8.155	5.707	
17:32:08	7	13.6	14.22	19.993	15.392	1481.53	1011.11	25.487	3.6694	0	87.66	8.174	5.721	
17:32:09	7	13.7	14.22	19.989	15.381	1481.52	1011.11	25.483	3.8933	0	87.65	8.178	5.723	
17:32:10	7	13.5	14.22	19.993	15.376	1481.50	1011.10	25.489	4.1352	0	87.71	8.180	5.724	
17:32:11	7	13.3	14.22	19.996	15.377	1481.50	1011.10	25.494	4.2253	0	87.75	8.186	5.729	
17:32:12	7	13.2	14.24	19.870	15.341	1481.52	1011.07	25.320	4.2014	0	87.77	8.189	5.731	
17:32:13	7	13.0	14.27	19.774	15.274	1481.54	1011.01	25.179	4.0079	0	87.74	8.184	5.727	
17:32:14	7	12.7	14.32	19.707	15.180	1481.60	1010.93	25.061	4.0157	0	87.74	8.177	5.723	
17:32:15	7	12.5	14.36	19.692	15.115	1481.67	1010.87	25.013	3.9477	0	87.81	8.177	5.722	
17:32:16	7	12.3	14.40	19.684	15.073	1481.73	1010.83	24.982	3.8403	0	87.90	8.183	5.727	
17:32:17	7	12.1	14.42	19.667	15.049	1481.78	1010.81	24.946	3.9091	0	87.95	8.187	5.729	
17:32:18	7	12.1	14.43	19.673	15.035	1481.81	1010.80	24.946	3.6546	0	88.05	8.193	5.733	
17:32:19	7	12.1	14.44	19.681	15.029	1481.81	1010.79	24.953	3.5312	0	88.24	8.207	5.743	
17:32:20	7	12.0	14.43	19.674	15.029	1481.80	1010.79	24.947	3.5081	0	88.49	8.235	5.763	
17:32:21	8	12.0	14.43	19.669	15.028	1481.80	1010.79	24.942	3.6159	0	88.67	8.250	5.773	
17:32:22	8	12.1	14.43	19.663	15.023	1481.80	1010.79	24.931	3.9048	0	88.77	8.260	5.781	
17:32:23	8	12.1	14.44	19.663	15.019	1481.81	1010.78	24.929	4.0005	0	88.76	8.258	5.779	
17:32:24	8	12.0	14.44	19.658	15.016	1481.80	1010.78	24.925	4.1707	0	88.77	8.259	5.780	
17:32:25	8	12.0	14.43	19.663	15.016	1481.79	1010.78	24.932	4.0843	0	88.82	8.265	5.784	
17:32:26	8	12.0	14.43	19.655	15.014	1481.78	1010.78	24.923	3.8358	0	88.87	8.269	5.787	
17:32:27	8	12.1	14.43	19.655	15.014	1481.78	1010.78	24.924	3.7958	0	88.90	8.272	5.789	
17:32:28	8	12.0	14.43	19.675	15.018	1481.78	1010.78	24.950	3.8319	0	88.93	8.276	5.792	
17:32:29	8	11.9	14.43	19.677	15.025	1481.78	1010.79	24.954	3.8815	0	88.94	8.276	5.792	
17:32:30	8	11.7	14.43	19.678	15.032	1481.78	1010.79	24.956	3.9327	0	88.92	8.274	5.790	
17:32:31	8	11.5	14.43	19.683	15.034	1481.78	1010.79	24.962	3.8612	0	88.91	8.273	5.790	
17:32:32	8	11.3	14.43	19.685	15.037	1481.78	1010.79	24.964	3.8281	0	88.92	8.272	5.789	
17:32:33	8	11.0	14.45	19.647	15.026	1481.83	1010.78	24.904	3.7659	0	88.96	8.278	5.793	
17:32:34	8	10.9	14.47	19.625	15.004	1481.89	1010.76	24.858	3.8601	0	88.99	8.275	5.791	
17:32:35	8	10.7	14.51	19.616	14.974	1481.98	1010.73	24.823	3.8799	0	89.02	8.273	5.789	
17:32:36	8	10.4	14.55	19.589	14.944	1482.08	1010.70	24.765	3.8093	0	89.08	8.274	5.790	
17:32:37	8	10.3	14.59	19.567	14.914	1482.17	1010.67	24.713	3.6346	0	89.18	8.279	5.794	
17:32:38	8	10.1	14.62	19.551	14.882	1482.23	1010.64	24.674	3.8700	0	89.36	8.295	5.805	
17:32:39	8	10.1	14.63	19.547	14.860	1482.25	1010.62	24.660	4.0099	0	89.55	8.306	5.813	
17:32:40	8	10.0	14.64	19.531	14.844	1482.26	1010.60	24.636	4.1412	0	89.74	8.320	5.823	
17:32:41	9	10.0	14.65	19.527	14.833	1482.27	1010.59	24.626	4.0129	0	89.89	8.334	5.832	
17:32:42	9	10.0	14.65	19.520	14.824	1482.27	1010.59	24.615	3.9212	0	90.01	8.346	5.841	
17:32:43	9	10.0	14.65	19.514	14.817	1482.27	1010.58	24.607	3.8371	0	90.08	8.354	5.846	
17:32:44	9	10.0	14.65	19.506	14.811	1482.27	1010.58	24.595	3.7488	0	90.17	8.361	5.852	
17:32:45	9	10.0	14.65	19.499	14.804	1482.26	1010.57	24.586	3.7795	0	90.20	8.365	5.854	
17:32:46	9	10.1	14.66	19.508	14.802	1482.26	1010.57	24.597	3.9847	0	90.24	8.367	5.856	
17:32:47	9	10.0	14.66	19.508	14.803	1482.26	1010.57	24.597	3.8965	0	90.24	8.368	5.856	
17:32:48	9	9.7	14.66	19.492	14.801	1482.26	1010.57	24.576	3.9558	0	90.27	8.371	5.859	
17:32:49	9	9.5	14.66	19.416	14.774	1482.26	1010.54	24.476	3.9369	0	90.29	8.374	5.861	
17:32:50	9	9.3	14.68	19.336	14.724	1482.25	1010.50	24.364	4.1120	0	90.30	8.374	5.861	
17:32:51	9	9.0	14.72	19.066	14.599	1482.23	1010.40	24.001	4.0722	0	90.32	8.378	5.863	
17:32:52	9	8.8	14.80	18.836	14.422	1482.31	1010.25	23.661	3.9958	0	90.40	8.386	5.869	
17:32:53	9	8.7	14.90	18.769	14.240	1482.41	1010.09	23.522	3.8311	0	90.50	8.378	5.864	
17:32:54	9	8.5	14.97	18.759	14.126	1482.52	1009.99	23.466	3.6513	0	90.74	8.395	5.875	
17:32:55	9	8.2	15.00	18.715	14.070	1482.54	1009.94	23.396	3.4882	0	91.08	8.426	5.897	
17:32:56	9	8.0	15.01	18.731	14.046	1482.55	1009.92	23.408	3.5510	0	91.45	8.459	5.920	
17:32:57	9	8.0	15.02	18.708	14.027	1482.56	1009.90	23.374	3.3999	0	91.80	8.489	5.941	
17:32:58	9	8.0	15.02	18.703	14.020	1482.56	1009.89	23.366	3.3951	0	92.08	8.512	5.957	
17:32:59	10	8.0	15.02	18.694	14.008	1482.56	1009.88	23.353	3.3829	0	92.37	8.541	5.977	
17:33:00	10	7.9	15.03	18.679	13.999	1482.57	1009.88	23.329	3.5743	0	92.64	8.564	5.994	
17:33:01	10	8.0	15.04	18.675	13.989	1482.58	1009.87	23.321	3.6293	0	92.84	8.583	6.007	
17:33:02	10	8.0	15.04	18.667	13.980	1482.58	1009.86	23.310	3.5859	0	92.91	8.590	6.012	
17:33:03	10	8.0	15.03	18.673	13.979	1482.54	1009.86	23.324	3.6026	0	92.96	8.599	6.018	
17:33:04	10	8.0	15.02	18.686	13.984	1482.52	1009.87	23.346	3.7195	0	93.01	8.602	6.020	
17:33:05	10	8.0	15.02	18.679	13.990	1482.51	1009.87	23.339	3.7591	0	93.09	8.611	6.026	
17:33:06	10	7.8	15.02	18.679	13.993	1482.53	1009.87	23.336	3.8097	0	93.12	8.612	6.027	
17:33:07	10	7.6	15.02	18.669	13.988	1482.51	1009.87	23.324	3.7435	0	93.11	8.612	6.027	
17:33:08	10	7.4	15.02	18.673	13.986	1482.51	1009.87	23.329	3.7644	0	93.13	8.612	6.027	
17:33:09	10	7.2	15.03	18.683	13.987	1482.52	1009.86	23.339	3.8849	0	93.14	8.612	6.027	
17:33:10	10	6.9	15.03	18.680	13.988	1482.54	1009.86	23.331	3.9591	0	93.15	8.614	6.028	
17:33:11	10	6.7	15.04	18.674	13.986	1482.56	1009.86	23.320	4.0428	0	93.12	8.609	6.025	
17:33:12	10	6.3	15.04	18.674	13.982	1482.55	1009.85	23.319	3.9865	0	93.11	8.608	6.024	
17:33:13	10	6.1	15.05	18.659	13.975	1482.56	1009.85	23.297	3.9670	0	93.11	8.608	6.024	
17:33:14	10	5.8	15.05	18.655	13.969	1482.56	1009.84	23.290	3.9802	0	93.13	8.608	6.025	
17:33:15	10	5.9	15.05	18.659	13.963	1482.56	1009.84	23.293	3.7361	0	93.16	8.611	6.026	
17:33:16	10	5.7	15.05	18.640	13.957	1482.55	1009.83	23.269	3.5955	0	93.15	8.612	6.027	
17:33:17	11	5.8	15.05	18.652	13.956	1482.55	1009.83	23.284	3.4500	0	93.19	8.614	6.028	
17:33:18	11	5.9	15.05	18.661	13.957	1482.54	1009.83	23.298	3.5148	0	93.21	8.616	6.030	
17:33:19	11	5.9	15.04	18.673	13.967	1482.54	1009.84	23.316	3.5653	0	93.27	8.623	6.035	
17:33:20	11	5.8	15.04	18.680	13.976	1482.53	1009.85	23.327	3.6479	0	93.28	8.625	6.036	
17:33:21	11	5.8	15.04	18.684	13.984	1482.53	1009.85	23.334	3.6982	0	93.32	8.630	6.040	
17:33:22	11	5.8	15.03	18.684	13.988	1482.53	1009.86	23.335	3.8022	0	93.30	8.627	6.037	
17:33:23	11	5.5	15.03	18.688	13.991	1482.53	1009.86	23.340	3.6917	0	93.30	8.626	6.037	
17:33:24	11	5.1	15.04	18.673	13.988	1482.52	1009.85	23.320	3.7921	0	93.28	8.623	6.035	
17:33:25	11	4.9	15.04	18.681	13.987	1482.52	1009.85	23.329	3.6140	0	93.27	8.622	6.034	
17:33:26	11	4.8	15.04	18.674	13.982	1482.52	1009.85	23.320	3.6204	0	93.27	8.623	6.034	
17:33:27	11	4.3	15.04	18.612	13.965	1482.50	1009.83	23.240	3.6186	0	93.26	8.622	6.034	
17:33:28	11	3.9	15.05	18.553	13.928	1482.50	1009.80	23.159	3.7440	0	93.26	8.623	6.034	
17:33:29	11	3.8	15.09	18.449	13.861	1482.54	1009.74	23.010	3.8436	0	93.22	8.616	6.030	
17:33:30	11	3.9	15.12	18.466	13.812	1482.60	1009.70	23.011	3.5583	0	93.29	8.615	6.029	
17:33:31	11	3.7	15.15	18.420	13.765	1482.62	1009.66	22.940	3.6230	0	93.38	8.628	6.038	
17:33:32	12	3.5	15.15	18.410	13.747	1482.62	1009.64	22.924	3.5886	0	93.55	8.641	6.048	
17:33:33	12	3.8	15.16	18.409	13.728	1482.60	1009.63	22.922	3.5029	0	93.61	8.648	6.052	
17:33:34	12	4.0	15.16	18.402	13.722	1482.61	1009.62	22.913	3.0913	0	93.71	8.657	6.059	
17:33:35	12	3.7	15.16	18.362	13.709	1482.59	1009.61	22.862	2.9682	0	93.75	8.661	6.061	
17:33:36	12	3.6	15.16	18.363	13.696	1482.59	1009.60	22.861	3.1342	0	93.83	8.668	6.066	
17:33:37	12	3.9	15.17	18.359	13.683	1482.59	1009.59	22.853	3.0951	0	93.85	8.670	6.068	
17:33:38	12	4.0	15.17	18.363	13.682	1482.59	1009.59	22.858	2.9811	0	93.88	8.670	6.068	
17:33:39	12	3.7	15.17	18.359	13.680	1482.59	1009.59	22.852	2.9501	0	93.91	8.675	6.071	
17:33:40	12	3.7	15.17	18.355	13.679	1482.59	1009.59	22.847	3.0117	0	93.96	8.680	6.075	
17:33:41	12	3.9	15.17	18.355	13.676	1482.59	1009.59	22.847	3.0583	0	93.99	8.681	6.076	
17:33:42	12	3.9	15.17	18.354	13.675	1482.59	1009.58	22.846	3.1701	0	93.99	8.683	6.077	
17:33:43	12	3.8	15.17	18.352	13.674	1482.59	1009.58	22.843	3.2479	0	94.01	8.685	6.078	
17:33:44	12	3.7	15.17	18.354	13.674	1482.59	1009.58	22.846	3.2369	0	94.00	8.682	6.076	
17:33:45	12	3.6	15.17	18.354	13.674	1482.59	1009.58	22.845	3.0955	0	94.02	8.684	6.078	
17:33:46	12	3.5	15.17	18.353	13.674	1482.59	1009.58	22.844	3.2667	0	93.97	8.680	6.075	
17:33:47	12	3.4	15.17	18.354	13.674	1482.59	1009.58	22.845	3.2876	0	93.97	8.678	6.073	
17:33:48	12	3.0	15.17	18.359	13.675	1482.58	1009.58	22.852	3.3694	0	93.92	8.676	6.072	
17:33:49	12	2.5	15.17	18.361	13.678	1482.57	1009.58	22.855	3.3669	0	93.90	8.674	6.070	
17:33:50	12	1.8	15.17	18.367	13.681	1482.56	1009.58	22.862	3.4222	0	93.86	8.670	6.068	
17:33:51	12	1.2	15.17	18.367	13.684	1482.55	1009.58	22.863	3.3113	0	93.81	8.666	6.065	
17:33:52	12	0.9	15.17	18.370	13.687	1482.54	1009.58	22.868	3.2788	0	93.78	8.663	6.062	
17:33:53	12	0.4	15.16	18.365	13.687	1482.53	1009.58	22.863	3.1564	0	93.72	8.656	6.058	
17:33:54	12	0.1	15.16	18.361	13.686	1482.52	1009.58	22.858	3.2340	0	93.68	8.655	6.057	
17:33:55	12	0.1	15.16	18.358	13.683	1482.51	1009.57	22.855	2.9820	0	93.71	8.656	6.058	
17:33:56	12	0.1	15.13	2.011	9.550	1477.61	1006.42	2.506	2.9671	0	93.73	8.881	6.216	
17:33:57	12	0.0	14.90	1.442	5.293	1471.87	1003.19	1.807	1.9748	0	93.72	9.150	6.404	
17:33:58	12	0.0	14.62	0.941	0.928	1465.74	999.88	1.188	1.0624	0	93.55	9.417	6.591	
17:33:59	12	0.0	14.25	0.713	0.648	1464.08	999.71	0.909	0.1106	0	93.35	9.444	6.609	
17:34:00	12	0.0	13.99	0.592	0.467	1462.92	999.61	0.759	0.0517	0	93.04	9.417	6.590	
17:34:01	12	0.0	13.73	0.548	0.385	1461.88	999.58	0.707	0.0516	0	92.76	9.411	6.586	
17:34:02	12	0.0	13.57	0.464	0.334	1461.26	999.56	0.602	0.0503	0	92.49	9.430	6.599	
17:34:03	12	-0.1	13.48	0.693	0.358	1460.94	999.60	0.901	0.0480	1	92.24	9.445	6.610	
17:34:04	12	0.0	13.37	0.624	0.375	1460.58	999.62	0.813	0.0473	1	92.13	9.475	6.631	
17:34:05	12	0.0	13.25	0.477	0.379	1460.13	999.64	0.624	0.0472	1	92.04	9.487	6.639	
17:34:06	12	0.0	13.12	0.988	0.446	1459.76	999.71	1.296	0.0479	1	92.02	9.482	6.636	
17:34:07	12	0.0	13.03	0.238	0.364	1459.31	999.66	0.313	0.0491	1	91.89	9.447	6.611	
17:34:08	12	0.0	12.99	0.294	0.325	1459.11	999.63	0.387	0.0487	0	91.74	9.435	6.603	
17:34:09	12	0.0	13.01	0.224	0.157	1458.98	999.50	0.294	0.0496	1	91.64	9.433	6.602	
17:34:10	12	0.0	13.04	0.234	0.156	1459.10	999.50	0.307	0.0487	1	91.57	9.420	6.592	
17:34:11	12	0.0	13.08	0.148	0.126	1459.20	999.47	0.194	0.0490	1	91.44	9.387	6.570	
17:34:12	12	0.0	13.10	0.138	0.108	1459.27	999.45	0.181	0.0481	1	91.33	9.379	6.563	
17:34:13	12	0.0	13.15	0.155	0.091	1459.41	999.43	0.203	0.0489	1	91.25	9.369	6.557	
